# gpu    pwr  gtemp  mtemp     sm    mem    enc    dec    jpg    ofa   mclk   pclk     fb   bar1   ccpm 
# Idx      W      C      C      %      %      %      %      %      %    MHz    MHz     MB     MB     MB 
    0     34     30      -      0      0      0      0      0      0    405    210      1      2      0 
    1     24     32      -      0      0      0      0      0      0    405    210      1      2      0 
    0     46     31      -      0      0      0      0      0      0  10501   2520  35946      5      0 
    1     37     33      -      0      0      0      0      0      0  10501   2520  35278      5      0 
    0     72     32      -      7      0      0      0      0      0  10501   2520  35948      5      0 
    1     63     33      -      0      0      0      0      0      0  10501   2520  35280      5      0 
    0     71     32      -      8      0      0      0      0      0  10501   2520  35948      5      0 
    1     63     33      -      0      0      0      0      0      0  10501   2520  35280      5      0 
    0     72     32      -      9      0      0      0      0      0  10501   2520  35948      5      0 
    1     61     33      -      0      0      0      0      0      0  10501   2520  35280      5      0 
    0     71     32      -      9      0      0      0      0      0  10501   2520  35948      5      0 
    1     61     33      -      0      0      0      0      0      0  10501   2520  35280      5      0 
    0     73     32      -      8      0      0      0      0      0  10501   2520  35948      5      0 
    1     61     34      -      0      0      0      0      0      0  10501   2520  35280      5      0 
    0     72     32      -      9      0      0      0      0      0  10501   2520  35948      5      0 
    1     61     34      -      0      0      0      0      0      0  10501   2520  35280      5      0 
    0     73     32      -      8      0      0      0      0      0  10501   2520  35948      5      0 
    1     61     34      -      0      0      0      0      0      0  10501   2520  35280      5      0 
    0     73     32      -      8      0      0      0      0      0  10501   2520  35948      5      0 
    1     61     34      -      0      0      0      0      0      0  10501   2520  35280      5      0 
    0     72     32      -      9      0      0      0      0      0  10501   2520  35948      5      0 
    1     61     34      -      0      0      0      0      0      0  10501   2520  35280      5      0 
    0     73     32      -      8      0      0      0      0      0  10501   2520  35948      5      0 
    1     62     34      -      0      0      0      0      0      0  10501   2520  35280      5      0 
    0     73     33      -      8      0      0      0      0      0  10501   2520  35948      5      0 
    1     61     34      -      0      0      0      0      0      0  10501   2520  35280      5      0 
    0     72     32      -      7      0      0      0      0      0  10501   2520  35948      5      0 
    1     61     34      -      0      0      0      0      0      0  10501   2520  35280      5      0 
    0     73     33      -      7      0      0      0      0      0  10501   2520  35948      5      0 
    1     61     34      -      0      0      0      0      0      0  10501   2520  35280      5      0 
    0     72     33      -      9      0      0      0      0      0  10501   2520  35948      5      0 
    1     61     34      -      0      0      0      0      0      0  10501   2520  35280      5      0 
    0     73     33      -      9      0      0      0      0      0  10501   2520  35948      5      0 
    1     60     34      -      0      0      0      0      0      0  10501   2520  35280      5      0 
    0     72     33      -      9      0      0      0      0      0  10501   2520  35948      5      0 
    1     61     34      -      0      0      0      0      0      0  10501   2520  35280      5      0 
    0     73     33      -      7      0      0      0      0      0  10501   2520  35948      5      0 
    1     61     34      -      0      0      0      0      0      0  10501   2520  35280      5      0 
    0     73     33      -      7      0      0      0      0      0  10501   2520  35948      5      0 
    1     49     34      -      0      0      0      0      0      0    810    390  35280      5      0 
    0     73     33      -      8      0      0      0      0      0  10501   2520  35948      5      0 
    1     30     33      -      0      0      0      0      0      0    405    255  35280      5      0 
    0     74     33      -      8      0      0      0      0      0  10501   2520  35948      5      0 
    1     21     33      -      0      0      0      0      0      0    405    210  35280      5      0 
# gpu    pwr  gtemp  mtemp     sm    mem    enc    dec    jpg    ofa   mclk   pclk     fb   bar1   ccpm 
# Idx      W      C      C      %      %      %      %      %      %    MHz    MHz     MB     MB     MB 
    0     73     33      -      9      0      0      0      0      0  10501   2520  35948      5      0 
    1     19     33      -      0      0      0      0      0      0    405    210  35280      5      0 
    0     74     33      -      9      0      0      0      0      0  10501   2520  35948      5      0 
    1     19     33      -      0      0      0      0      0      0    405    210  35280      5      0 
    0     73     33      -      9      0      0      0      0      0  10501   2520  35948      5      0 
    1     19     33      -      0      0      0      0      0      0    405    210  35280      5      0 
    0     74     33      -      6      0      0      0      0      0  10501   2520  35948      5      0 
    1     19     33      -      0      0      0      0      0      0    405    210  35280      5      0 
    0     73     33      -      7      0      0      0      0      0  10501   2520  35948      5      0 
    1     19     33      -      0      0      0      0      0      0    405    210  35280      5      0 
    0     74     33      -      8      0      0      0      0      0  10501   2520  35948      5      0 
    1     19     33      -      0      0      0      0      0      0    405    210  35280      5      0 
    0     74     33      -      7      0      0      0      0      0  10501   2520  35948      5      0 
    1     19     33      -      0      0      0      0      0      0    405    210  35280      5      0 
    0     74     33      -      9      0      0      0      0      0  10501   2520  35948      5      0 
    1     19     33      -      0      0      0      0      0      0    405    210  35280      5      0 
    0     74     33      -      9      0      0      0      0      0  10501   2520  35948      5      0 
    1     19     33      -      0      0      0      0      0      0    405    210  35280      5      0 
    0     73     33      -      9      0      0      0      0      0  10501   2520  35948      5      0 
    1     19     33      -      0      0      0      0      0      0    405    210  35280      5      0 
    0     75     33      -      7      0      0      0      0      0  10501   2520  35948      5      0 
    1     19     33      -      0      0      0      0      0      0    405    210  35280      5      0 
    0     73     34      -      7      0      0      0      0      0  10501   2520  35948      5      0 
    1     19     33      -      0      0      0      0      0      0    405    210  35280      5      0 
    0     74     34      -      8      0      0      0      0      0  10501   2520  35948      5      0 
    1     19     33      -      0      0      0      0      0      0    405    210  35280      5      0 
    0     74     34      -      9      0      0      0      0      0  10501   2520  35948      5      0 
    1     19     33      -      0      0      0      0      0      0    405    210  35280      5      0 
    0     74     34      -      9      0      0      0      0      0  10501   2520  35948      5      0 
    1     19     33      -      0      0      0      0      0      0    405    210  35280      5      0 
    0     74     34      -      8      0      0      0      0      0  10501   2520  35948      5      0 
    1     44     34      -      8      0      0      0      0      0  10501   2520  35280      5      0 
    0     74     34      -      0      0      0      0      0      0  10501   2520  35948      5      0 
    1     63     34      -      7      0      0      0      0      0  10501   2520  35280      5      0 
    0     73     34      -      0      0      0      0      0      0  10501   2520  35948      5      0 
    1     63     34      -      7      0      0      0      0      0  10501   2520  35280      5      0 
    0     73     34      -      0      0      0      0      0      0  10501   2520  35948      5      0 
    1     63     34      -      7      0      0      0      0      0  10501   2520  35280      5      0 
    0     74     34      -      0      0      0      0      0      0  10501   2520  35948      5      0 
    1     63     34      -      8      0      0      0      0      0  10501   2520  35280      5      0 
    0     73     34      -      0      0      0      0      0      0  10501   2520  35948      5      0 
    1     63     34      -      8      0      0      0      0      0  10501   2520  35280      5      0 
    0     73     34      -      0      0      0      0      0      0  10501   2520  35948      5      0 
    1     63     34      -      8      0      0      0      0      0  10501   2520  35280      5      0 
# gpu    pwr  gtemp  mtemp     sm    mem    enc    dec    jpg    ofa   mclk   pclk     fb   bar1   ccpm 
# Idx      W      C      C      %      %      %      %      %      %    MHz    MHz     MB     MB     MB 
    0     73     34      -      0      0      0      0      0      0  10501   2520  35948      5      0 
    1     64     35      -      8      0      0      0      0      0  10501   2520  35280      5      0 
    0     73     34      -      0      0      0      0      0      0  10501   2520  35948      5      0 
    1     63     35      -      8      0      0      0      0      0  10501   2520  35280      5      0 
    0     73     34      -      0      0      0      0      0      0  10501   2520  35948      5      0 
    1     64     35      -      7      0      0      0      0      0  10501   2520  35280      5      0 
    0     73     34      -      0      0      0      0      0      0  10501   2520  35948      5      0 
    1     63     35      -      7      0      0      0      0      0  10501   2520  35280      5      0 
    0     73     34      -      0      0      0      0      0      0  10501   2520  35948      5      0 
    1     63     35      -      8      0      0      0      0      0  10501   2520  35280      5      0 
    0     72     34      -      0      0      0      0      0      0  10501   2520  35948      5      0 
    1     63     35      -      9      0      0      0      0      0  10501   2520  35280      5      0 
    0     73     34      -      0      0      0      0      0      0  10501   2520  35948      5      0 
    1     64     35      -      9      0      0      0      0      0  10501   2520  35280      5      0 
    0     73     34      -      0      0      0      0      0      0  10501   2520  35948      5      0 
    1     63     35      -      9      0      0      0      0      0  10501   2520  35280      5      0 
    0     73     34      -      0      0      0      0      0      0  10501   2520  35948      5      0 
    1     62     35      -      7      0      0      0      0      0  10501   2520  35280      5      0 
    0     68     34      -      0      0      0      0      0      0  10501   2520  35948      5      0 
    1     63     35      -      7      0      0      0      0      0  10501   2520  35280      5      0 
    0     68     33      -      0      0      0      0      0      0    810    450  35948      5      0 
    1     62     35      -      8      0      0      0      0      0  10501   2520  35280      5      0 
    0     36     33      -      0      0      0      0      0      0    405    285  35948      5      0 
    1     63     35      -      8      0      0      0      0      0  10501   2520  35280      5      0 
    0     35     33      -      0      0      0      0      0      0    405    210  35948      5      0 
    1     62     35      -      8      0      0      0      0      0  10501   2520  35280      5      0 
    0     35     33      -      0      0      0      0      0      0    405    210  35948      5      0 
    1     63     35      -      8      0      0      0      0      0  10501   2520  35280      5      0 
    0     35     33      -      0      0      0      0      0      0    405    210  35948      5      0 
    1     64     35      -      9      0      0      0      0      0  10501   2520  35280      5      0 
    0     35     33      -      0      0      0      0      0      0    405    210  35948      5      0 
    1     64     35      -      7      0      0      0      0      0  10501   2520  35280      5      0 
    0     35     33      -      0      0      0      0      0      0    405    210  35948      5      0 
    1     64     35      -      9      0      0      0      0      0  10501   2520  35280      5      0 
    0     35     33      -      0      0      0      0      0      0    405    210  35948      5      0 
    1     64     35      -      9      0      0      0      0      0  10501   2520  35280      5      0 
    0     35     33      -      0      0      0      0      0      0    405    210  35948      5      0 
    1     64     36      -      9      0      0      0      0      0  10501   2520  35280      5      0 
    0     35     33      -      0      0      0      0      0      0    405    210  35948      5      0 
    1     63     36      -      8      0      0      0      0      0  10501   2520  35280      5      0 
    0     35     33      -      0      0      0      0      0      0    405    210  35948      5      0 
    1     64     36      -      8      0      0      0      0      0  10501   2520  35280      5      0 
    0     35     33      -      0      0      0      0      0      0    405    210  35948      5      0 
    1     64     36      -      7      0      0      0      0      0  10501   2520  35280      5      0 
# gpu    pwr  gtemp  mtemp     sm    mem    enc    dec    jpg    ofa   mclk   pclk     fb   bar1   ccpm 
# Idx      W      C      C      %      %      %      %      %      %    MHz    MHz     MB     MB     MB 
    0     35     33      -      0      0      0      0      0      0    405    210  35948      5      0 
    1     64     36      -      7      0      0      0      0      0  10501   2520  35280      5      0 
    0     35     32      -      0      0      0      0      0      0    405    210  35948      5      0 
    1     64     36      -      9      0      0      0      0      0  10501   2520  35280      5      0 
    0     35     32      -      0      0      0      0      0      0    405    210  35948      5      0 
    1     63     36      -      7      0      0      0      0      0  10501   2520  35280      5      0 
    0     35     32      -      0      0      0      0      0      0    405    210  35948      5      0 
    1     64     36      -      9      0      0      0      0      0  10501   2520  35280      5      0 
    0     35     32      -      0      0      0      0      0      0    405    210  35948      5      0 
    1     63     36      -      9      0      0      0      0      0  10501   2520  35280      5      0 
    0     35     32      -      0      0      0      0      0      0    405    210  35948      5      0 
    1     64     36      -      6      0      0      0      0      0  10501   2520  35280      5      0 
    0     35     33      -      0      0      0      0      0      0    810   1530  36374      5      0 
    1     63     36      -      0      0      0      0      0      0  10501   2520  35694      5      0 
    0    194     36      -      1      0      0      0      0      0  10501   2760  36374      5      0 
    1    128     40      -      0      0      0      0      0      0  10501   2520  35750      5      0 
    0    205     36      -      0      0      0      0      0      0  10501   2760  36634      5      0 
    1    186     40      -      0      0      0      0      0      0  10501   2520  35990      5      0 
    0    283     44      -    100     56      0      0      0      0  10501   1185  36634      5      0 
    1    197     42      -      0      0      0      0      0      0  10501   2700  35990      5      0 
    0    273     45      -    100     64      0      0      0      0  10501   1440  36634      5      0 
    1    253     40      -     94     62      0      0      0      0  10501   2745  35990      5      0 
    0    266     45      -    100     66      0      0      0      0  10501   1410  36634      5      0 
    1    265     41      -    100     68      0      0      0      0  10501   1710  35990      5      0 
    0    302     39      -     58     31      0      0      0      0  10501   2100  36634      5      0 
    1    298     48      -    100     66      0      0      0      0  10501   1500  35990      5      0 
    0    270     46      -    100     61      0      0      0      0  10501   1230  36634      5      0 
    1    272     50      -    100     83      0      0      0      0  10501   1485  35990      5      0 
    0    251     46      -    100     65      0      0      0      0  10501   1425  36980      5      0 
    1    249     44      -     87     59      0      0      0      0  10501   1710  36310      5      0 
    0    303     46      -    100     56      0      0      0      0  10501   1365  36980      5      0 
    1    282     50      -     40     35      0      0      0      0  10501   1470  36310      5      0 
    0    299     47      -    100     55      0      0      0      0  10501   2145  36980      5      0 
    1    277     49      -     93     66      0      0      0      0  10501   1515  36310      5      0 
    0    274     48      -    100     65      0      0      0      0  10501   1215  36980      5      0 
    1    263     50      -     48     40      0      0      0      0  10501   1485  36310      5      0 
    0    301     47      -    100     60      0      0      0      0  10501   1275  36980      5      0 
    1    289     51      -    100     78      0      0      0      0  10501   1515  36310      5      0 
    0    252     47      -     62     48      0      0      0      0  10501   1410  36980      5      0 
    1    251     43      -      0      0      0      0      0      0  10501   2520  36310      5      0 
    0    312     48      -    100     54      0      0      0      0  10501   1245  36980      5      0 
    1    262     51      -     49     40      0      0      0      0  10501   1500  36310      5      0 
    0    298     48      -    100     53      0      0      0      0  10501   1245  36980      5      0 
    1    280     51      -     97     71      0      0      0      0  10501   1485  36310      5      0 
# gpu    pwr  gtemp  mtemp     sm    mem    enc    dec    jpg    ofa   mclk   pclk     fb   bar1   ccpm 
# Idx      W      C      C      %      %      %      %      %      %    MHz    MHz     MB     MB     MB 
    0    268     49      -    100     64      0      0      0      0  10501   1410  36980      5      0 
    1    249     52      -     63     43      0      0      0      0  10501   1680  36310      5      0 
    0    301     49      -    100     59      0      0      0      0  10501   1470  36980      5      0 
    1    287     56      -     54     47      0      0      0      0  10501   1650  36310      5      0 
    0    288     50      -     39     22      0      0      0      0  10501   2535  37672      5      0 
    1    287     52      -     96     70      0      0      0      0  10501   1515  36950      5      0 
    0    258     50      -    100     63      0      0      0      0  10501   1410  37672      5      0 
    1    250     47      -     76     51      0      0      0      0  10501   2730  36950      5      0 
    0    301     51      -    100     60      0      0      0      0  10501   1305  37672      5      0 
    1    268     53      -     43     31      0      0      0      0  10501   1515  36950      5      0 
    0    300     51      -    100     56      0      0      0      0  10501   1395  37672      5      0 
    1    283     53      -     46     35      0      0      0      0  10501   1515  36950      5      0 
    0    299     51      -    100     54      0      0      0      0  10501   1305  37672      5      0 
    1    274     53      -    100     62      0      0      0      0  10501   1500  36950      5      0 
    0    299     51      -    100     52      0      0      0      0  10501   1320  37672      5      0 
    1    292     55      -    100     74      0      0      0      0  10501   1425  36950      5      0 
    0    263     52      -    100     65      0      0      0      0  10501   1425  37672      5      0 
    1    252     54      -     74     50      0      0      0      0  10501   1710  36950      5      0 
    0    303     51      -    100     57      0      0      0      0  10501   1335  37672      5      0 
    1    279     55      -     41     35      0      0      0      0  10501   1485  36950      5      0 
    0    299     52      -    100     56      0      0      0      0  10501   1245  37672      5      0 
    1    279     54      -     79     59      0      0      0      0  10501   1530  36950      5      0 
    0    299     52      -    100     55      0      0      0      0  10501   1260  37672      5      0 
    1    282     55      -     91     64      0      0      0      0  10501   1515  36950      5      0 
    0    299     53      -    100     53      0      0      0      0  10501   1260  37672      5      0 
    1    286     57      -     78     63      0      0      0      0  10501   1530  36950      5      0 
    0    267     54      -     86     69      0      0      0      0  10501   1425  37672      5      0 
    1    275     48      -      0      0      0      0      0      0  10501   2730  36950      5      0 
    0    302     54      -    100     56      0      0      0      0  10501   1395  37672      5      0 
    1    247     55      -     31     20      0      0      0      0  10501   1710  36950      5      0 
    0    302     54      -    100     53      0      0      0      0  10501   1365  37672      5      0 
    1    276     57      -    100     72      0      0      0      0  10501   1470  36950      5      0 
    0    301     54      -    100     52      0      0      0      0  10501   1350  37672      5      0 
    1    271     57      -    100     69      0      0      0      0  10501   2175  36950      5      0 
    0    300     54      -    100     51      0      0      0      0  10501   1350  37672      5      0 
    1    275     57      -    100     66      0      0      0      0  10501   1620  36950      5      0 
    0    264     54      -    100     51      0      0      0      0  10501   1395  37672      5      0 
    1    248     52      -     81     61      0      0      0      0  10501   1470  36950      5      0 
    0    307     54      -    100     64      0      0      0      0  10501   1200  37672      5      0 
    1    258     57      -     44     30      0      0      0      0  10501   1890  36950      5      0 
    0    299     54      -    100     55      0      0      0      0  10501   1230  37672      5      0 
    1    290     56      -     41     35      0      0      0      0  10501   2085  36950      5      0 
    0    299     55      -    100     55      0      0      0      0  10501   1290  37672      5      0 
    1    278     57      -     57     44      0      0      0      0  10501   2025  36950      5      0 
# gpu    pwr  gtemp  mtemp     sm    mem    enc    dec    jpg    ofa   mclk   pclk     fb   bar1   ccpm 
# Idx      W      C      C      %      %      %      %      %      %    MHz    MHz     MB     MB     MB 
    0    299     55      -    100     52      0      0      0      0  10501   1275  37672      5      0 
    1    286     57      -     48     37      0      0      0      0  10501   1305  36950      5      0 
    0    276     50      -    100     51      0      0      0      0  10501   2520  37302      5      0 
    1    280     57      -     22     14      0      0      0      0  10501   1545  36570      5      0 
    0    250     56      -    100     63      0      0      0      0  10501   1395  39056      5      0 
    1    239     52      -     16     14      0      0      0      0  10501   2700  38230      5      0 
    0    302     56      -    100     53      0      0      0      0  10501   1305  39056      5      0 
    1    273     58      -    100     75      0      0      0      0  10501   2730  38230      5      0 
    0    301     56      -    100     53      0      0      0      0  10501   1305  39056      5      0 
    1    265     60      -    100     65      0      0      0      0  10501   2730  38230      5      0 
    0    300     56      -    100     52      0      0      0      0  10501   1305  39056      5      0 
    1    270     58      -    100     65      0      0      0      0  10501   1740  38230      5      0 
    0    299     56      -    100     50      0      0      0      0  10501   1350  39056      5      0 
    1    275     59      -    100     61      0      0      0      0  10501   1530  38230      5      0 
    0    299     57      -    100     50      0      0      0      0  10501   1275  39056      5      0 
    1    267     56      -    100     60      0      0      0      0  10501   1815  38230      5      0 
    0    299     57      -    100     50      0      0      0      0  10501   1305  39056      5      0 
    1    276     59      -    100     70      0      0      0      0  10501   2145  38230      5      0 
    0    299     57      -    100     49      0      0      0      0  10501   1305  39056      5      0 
    1    273     59      -      6      3      0      0      0      0  10501   1500  38230      5      0 
    0    299     57      -    100     48      0      0      0      0  10501   1290  39056      5      0 
    1    269     60      -    100     53      0      0      0      0  10501   2220  38230      5      0 
    0    299     58      -    100     47      0      0      0      0  10501   1320  39056      5      0 
    1    278     59      -     97     63      0      0      0      0  10501   1410  38230      5      0 
    0    300     58      -    100     46      0      0      0      0  10501   1305  39056      5      0 
    1    266     63      -     89     48      0      0      0      0  10501   1650  38230      5      0 
    0    248     58      -     19      9      0      0      0      0  10501   1425  39056      5      0 
    1    257     61      -    100     62      0      0      0      0  10501   1500  38230      5      0 
    0    309     57      -    100     61      0      0      0      0  10501   1185  39056      5      0 
    1    289     60      -     72     48      0      0      0      0  10501   1230  38230      5      0 
    0    298     58      -    100     57      0      0      0      0  10501   1215  39056      5      0 
    1    279     60      -     90     66      0      0      0      0  10501   1815  38230      5      0 
    0    299     58      -    100     55      0      0      0      0  10501   1245  39056      5      0 
    1    274     60      -     92     70      0      0      0      0  10501   1500  38230      5      0 
    0    299     58      -    100     53      0      0      0      0  10501   1275  39056      5      0 
    1    280     61      -     67     55      0      0      0      0  10501   1500  38230      5      0 
    0    300     59      -    100     49      0      0      0      0  10501   1260  39056      5      0 
    1    281     62      -     14     10      0      0      0      0  10501   1530  38230      5      0 
    0    300     59      -    100     50      0      0      0      0  10501   1275  39056      5      0 
    1    274     55      -     82     47      0      0      0      0  10501   2730  38230      5      0 
    0    300     59      -    100     49      0      0      0      0  10501   1275  39056      5      0 
    1    286     61      -    100     60      0      0      0      0  10501   2415  38230      5      0 
    0    299     60      -    100     47      0      0      0      0  10501   1275  39056      5      0 
    1    281     62      -     69     45      0      0      0      0  10501   1560  38230      5      0 
# gpu    pwr  gtemp  mtemp     sm    mem    enc    dec    jpg    ofa   mclk   pclk     fb   bar1   ccpm 
# Idx      W      C      C      %      %      %      %      %      %    MHz    MHz     MB     MB     MB 
    0    300     60      -    100     46      0      0      0      0  10501   1305  39056      5      0 
    1    267     56      -     93     51      0      0      0      0  10501   2520  38230      5      0 
    0    299     60      -    100     45      0      0      0      0  10501   1290  39056      5      0 
    1    289     56      -     84     44      0      0      0      0  10501   1920  38230      5      0 
    0    247     59      -     57     47      0      0      0      0  10501   1350  39056      5      0 
    1    244     55      -      0      0      0      0      0      0  10501   2520  38230      5      0 
    0    308     59      -    100     53      0      0      0      0  10501   1170  39056      5      0 
    1    266     64      -     11      8      0      0      0      0  10501   2730  38230      5      0 
    0    298     59      -    100     52      0      0      0      0  10501   1170  39056      5      0 
    1    271     62      -     36     31      0      0      0      0  10501   1545  38230      5      0 
    0    298     60      -    100     52      0      0      0      0  10501   1200  39056      5      0 
    1    272     63      -     40     32      0      0      0      0  10501   2730  38230      5      0 
    0    298     60      -    100     50      0      0      0      0  10501   1200  39056      5      0 
    1    270     63      -     16     12      0      0      0      0  10501   1710  38230      5      0 
    0    298     60      -    100     49      0      0      0      0  10501   1230  39056      5      0 
    1    283     59      -     29     16      0      0      0      0  10501   2730  38230      5      0 
    0    298     60      -    100     49      0      0      0      0  10501   1215  39056      5      0 
    1    277     58      -    100     59      0      0      0      0  10501   1560  38230      5      0 
    0    298     60      -    100     47      0      0      0      0  10501   1245  39056      5      0 
    1    279     58      -    100     57      0      0      0      0  10501   1515  38230      5      0 
    0    299     61      -    100     47      0      0      0      0  10501   1305  39056      5      0 
    1    279     63      -    100     62      0      0      0      0  10501   1560  38230      5      0 
    0    299     61      -    100     46      0      0      0      0  10501   1290  39056      5      0 
    1    278     64      -     10      5      0      0      0      0  10501   2520  38230      5      0 
    0    299     61      -    100     46      0      0      0      0  10501   1350  39056      5      0 
    1    274     63      -    100     54      0      0      0      0  10501   1530  38230      5      0 
    0    299     61      -    100     45      0      0      0      0  10501   1305  39056      5      0 
    1    271     65      -      6      3      0      0      0      0  10501   2520  38230      5      0 
    0    252     61      -    100     63      0      0      0      0  10501   1365  39056      5      0 
    1    244     63      -    100     68      0      0      0      0  10501   1425  38230      5      0 
    0    302     61      -    100     56      0      0      0      0  10501   1320  39056      5      0 
    1    286     63      -    100     65      0      0      0      0  10501   1485  38230      5      0 
    0    298     61      -    100     54      0      0      0      0  10501   1170  39056      5      0 
    1    283     63      -    100     64      0      0      0      0  10501   1485  38230      5      0 
    0    299     61      -    100     54      0      0      0      0  10501   1200  39056      5      0 
    1    284     63      -    100     61      0      0      0      0  10501   1440  38230      5      0 
    0    298     61      -    100     52      0      0      0      0  10501   1260  39056      5      0 
    1    292     64      -    100     58      0      0      0      0  10501   1260  38230      5      0 
    0    299     61      -    100     52      0      0      0      0  10501   1230  39056      5      0 
    1    280     63      -    100     59      0      0      0      0  10501   1515  38230      5      0 
    0    298     61      -    100     51      0      0      0      0  10501   1275  39056      5      0 
    1    280     58      -     42     30      0      0      0      0  10501   1815  38230      5      0 
    0    299     61      -    100     50      0      0      0      0  10501   1245  39056      5      0 
    1    293     63      -    100     52      0      0      0      0  10501   1500  38230      5      0 
# gpu    pwr  gtemp  mtemp     sm    mem    enc    dec    jpg    ofa   mclk   pclk     fb   bar1   ccpm 
# Idx      W      C      C      %      %      %      %      %      %    MHz    MHz     MB     MB     MB 
    0    299     61      -    100     49      0      0      0      0  10501   1275  39056      5      0 
    1    285     64      -    100     57      0      0      0      0  10501   1290  38230      5      0 
    0    299     61      -    100     47      0      0      0      0  10501   1275  39056      5      0 
    1    276     59      -     14      7      0      0      0      0  10501   2715  38230      5      0 
    0    299     61      -    100     47      0      0      0      0  10501   1290  39056      5      0 
    1    296     66      -    100     54      0      0      0      0  10501   1335  38230      5      0 
    0    220     61      -      0      0      0      0      0      0  10501   1350  41808      5      0 
    1    274     61      -     82     24      0      0      0      0  10501   2715  40790      5      0 
    0    309     60      -    100     61      0      0      0      0  10501   1155  41808      5      0 
    1    272     59      -     70     53      0      0      0      0  10501   2715  40790      5      0 
    0    298     61      -    100     60      0      0      0      0  10501   1230  41808      5      0 
    1    268     58      -     91     65      0      0      0      0  10501   2715  40790      5      0 
    0    298     61      -    100     57      0      0      0      0  10501   1215  41808      5      0 
    1    268     59      -     88     63      0      0      0      0  10501   2520  40790      5      0 
    0    298     61      -    100     54      0      0      0      0  10501   1215  41808      5      0 
    1    275     64      -     59     44      0      0      0      0  10501   1725  40790      5      0 
    0    299     61      -    100     53      0      0      0      0  10501   1230  41808      5      0 
    1    282     63      -    100     68      0      0      0      0  10501   1485  40790      5      0 
    0    299     61      -    100     52      0      0      0      0  10501   1260  41808      5      0 
    1    285     64      -     20     14      0      0      0      0  10501   1485  40790      5      0 
    0    299     61      -    100     50      0      0      0      0  10501   1290  41808      5      0 
    1    284     58      -    100     53      0      0      0      0  10501   2715  40790      5      0 
    0    299     61      -    100     49      0      0      0      0  10501   1290  41808      5      0 
    1    279     63      -    100     55      0      0      0      0  10501   1515  40790      5      0 
    0    299     61      -    100     49      0      0      0      0  10501   1275  41808      5      0 
    1    278     63      -     12      5      0      0      0      0  10501   1545  40790      5      0 
    0    299     61      -    100     48      0      0      0      0  10501   1335  41808      5      0 
    1    300     58      -    100     50      0      0      0      0  10501   2580  40790      5      0 
    0    299     62      -    100     46      0      0      0      0  10501   1305  41808      5      0 
    1    280     63      -     18     12      0      0      0      0  10501   1530  40790      5      0 
    0    299     62      -    100     45      0      0      0      0  10501   1320  41808      5      0 
    1    295     62      -    100     51      0      0      0      0  10501   1560  40790      5      0 
    0    299     62      -    100     44      0      0      0      0  10501   1320  41808      5      0 
    1    273     64      -     51     26      0      0      0      0  10501   1605  40790      5      0 
    0    299     62      -    100     44      0      0      0      0  10501   1305  41808      5      0 
    1    284     64      -    100     56      0      0      0      0  10501   1545  40790      5      0 
    0    299     61      -    100     44      0      0      0      0  10501   1335  41808      5      0 
    1    292     62      -    100     50      0      0      0      0  10501   1545  40790      5      0 
    0    299     62      -    100     42      0      0      0      0  10501   1350  41808      5      0 
    1    280     65      -     60     28      0      0      0      0  10501   2715  40790      5      0 
    0    299     62      -    100     42      0      0      0      0  10501   1290  41808      5      0 
    1    289     65      -     38     24      0      0      0      0  10501   1590  40790      5      0 
    0    299     61      -    100     42      0      0      0      0  10501   1350  41808      5      0 
    1    295     65      -    100     47      0      0      0      0  10501   1575  40790      5      0 
# gpu    pwr  gtemp  mtemp     sm    mem    enc    dec    jpg    ofa   mclk   pclk     fb   bar1   ccpm 
# Idx      W      C      C      %      %      %      %      %      %    MHz    MHz     MB     MB     MB 
    0    298     62      -    100     42      0      0      0      0  10501   1335  41808      5      0 
    1    284     60      -    100     47      0      0      0      0  10501   2220  40790      5      0 
    0    299     62      -    100     39      0      0      0      0  10501   1365  41808      5      0 
    1    283     58      -     64     29      0      0      0      0  10501   2715  40790      5      0 
    0    299     62      -    100     42      0      0      0      0  10501   1320  41808      5      0 
    1    272     62      -     27     12      0      0      0      0  10501   2715  40790      5      0 
    0    299     62      -    100     42      0      0      0      0  10501   1320  41808      5      0 
    1    267     66      -      6      1      0      0      0      0  10501   2520  40790      5      0 
    0    299     62      -    100     41      0      0      0      0  10501   1335  41808      5      0 
    1    271     68      -      9      4      0      0      0      0  10501   1650  40790      5      0 
    0    299     62      -    100     39      0      0      0      0  10501   1335  41808      5      0 
    1    289     67      -     16      8      0      0      0      0  10501   2520  40790      5      0 
    0    299     62      -    100     38      0      0      0      0  10501   1305  41808      5      0 
    1    265     66      -      9      4      0      0      0      0  10501   2520  40790      5      0 
    0    244     62      -    100     62      0      0      0      0  10501   1350  41808      5      0 
    1    267     64      -    100     68      0      0      0      0  10501   1440  40790      5      0 
    0    310     61      -    100     52      0      0      0      0  10501   1155  41808      5      0 
    1    285     64      -    100     65      0      0      0      0  10501   1455  40790      5      0 
    0    300     61      -    100     52      0      0      0      0  10501   1170  41808      5      0 
    1    281     64      -    100     70      0      0      0      0  10501   1470  40790      5      0 
    0    300     61      -    100     50      0      0      0      0  10501   1185  41808      5      0 
    1    269     58      -     48     37      0      0      0      0  10501   2715  40790      5      0 
    0    300     61      -    100     50      0      0      0      0  10501   1275  41808      5      0 
    1    277     64      -     46     27      0      0      0      0  10501   2310  40790      5      0 
    0    300     61      -    100     48      0      0      0      0  10501   1215  41808      5      0 
    1    277     64      -    100     58      0      0      0      0  10501   1500  40790      5      0 
    0    300     61      -    100     47      0      0      0      0  10501   1245  41808      5      0 
    1    279     64      -     82     55      0      0      0      0  10501   1635  40790      5      0 
    0    300     61      -    100     48      0      0      0      0  10501   1230  41808      5      0 
    1    288     64      -     82     44      0      0      0      0  10501   1980  40790      5      0 
    0    300     61      -    100     47      0      0      0      0  10501   1230  41808      5      0 
    1    279     64      -    100     58      0      0      0      0  10501   1500  40790      5      0 
    0    300     61      -    100     45      0      0      0      0  10501   1245  41808      5      0 
    1    285     58      -     19     13      0      0      0      0  10501   2685  40790      5      0 
    0    300     61      -    100     45      0      0      0      0  10501   1245  41808      5      0 
    1    270     64      -    100     53      0      0      0      0  10501   1515  40790      5      0 
    0    300     61      -    100     43      0      0      0      0  10501   1260  41808      5      0 
    1    278     65      -     55     27      0      0      0      0  10501   2175  40790      5      0 
    0    300     61      -    100     45      0      0      0      0  10501   1275  41808      5      0 
    1    267     64      -     83     50      0      0      0      0  10501   1635  40790      5      0 
    0    300     61      -    100     44      0      0      0      0  10501   1290  41808      5      0 
    1    287     64      -    100     52      0      0      0      0  10501   1560  40790      5      0 
    0    300     61      -    100     42      0      0      0      0  10501   1290  41808      5      0 
    1    288     65      -     97     47      0      0      0      0  10501   1515  40790      5      0 
# gpu    pwr  gtemp  mtemp     sm    mem    enc    dec    jpg    ofa   mclk   pclk     fb   bar1   ccpm 
# Idx      W      C      C      %      %      %      %      %      %    MHz    MHz     MB     MB     MB 
    0    300     61      -    100     43      0      0      0      0  10501   1290  41808      5      0 
    1    267     59      -      0      0      0      0      0      0  10501   2715  40790      5      0 
    0    301     61      -    100     41      0      0      0      0  10501   1260  41808      5      0 
    1    289     64      -     79     46      0      0      0      0  10501   1515  40790      5      0 
    0    301     61      -    100     41      0      0      0      0  10501   1245  41808      5      0 
    1    286     65      -    100     49      0      0      0      0  10501   1560  40790      5      0 
    0    300     61      -    100     40      0      0      0      0  10501   1260  41808      5      0 
    1    285     65      -    100     48      0      0      0      0  10501   1530  40790      5      0 
    0    300     61      -    100     39      0      0      0      0  10501   1350  41808      5      0 
    1    294     65      -    100     48      0      0      0      0  10501   1560  40790      5      0 
    0    300     60      -    100     38      0      0      0      0  10501   1305  41808      5      0 
    1    275     65      -    100     48      0      0      0      0  10501   1545  40790      5      0 
    0    300     61      -    100     40      0      0      0      0  10501   1305  41808      5      0 
    1    282     65      -    100     47      0      0      0      0  10501   1545  40790      5      0 
    0    300     61      -    100     38      0      0      0      0  10501   1365  41808      5      0 
    1    290     65      -    100     47      0      0      0      0  10501   1365  40790      5      0 
    0    300     61      -    100     38      0      0      0      0  10501   1350  41808      5      0 
    1    277     65      -    100     45      0      0      0      0  10501   1485  40790      5      0 
    0    300     61      -    100     37      0      0      0      0  10501   1275  41808      5      0 
    1    278     65      -    100     47      0      0      0      0  10501   1560  40790      5      0 
    0    300     61      -    100     35      0      0      0      0  10501   1290  41808      5      0 
    1    281     65      -    100     46      0      0      0      0  10501   1590  40790      5      0 
    0    300     61      -    100     38      0      0      0      0  10501   1305  41808      5      0 
    1    282     65      -    100     47      0      0      0      0  10501   1620  40790      5      0 
    0    244     62      -     21     19      0      0      0      0  10501   1335  41808      5      0 
    1    255     64      -     81     64      0      0      0      0  10501   2160  40790      5      0 
    0    308     61      -    100     52      0      0      0      0  10501   1155  41808      5      0 
    1    280     64      -    100     77      0      0      0      0  10501   2025  40790      5      0 
    0    301     61      -    100     51      0      0      0      0  10501   1185  41808      5      0 
    1    280     64      -    100     70      0      0      0      0  10501   1455  40790      5      0 
    0    301     61      -    100     49      0      0      0      0  10501   1215  41808      5      0 
    1    274     65      -     48     38      0      0      0      0  10501   1470  40790      5      0 
    0    301     61      -    100     49      0      0      0      0  10501   1200  41808      5      0 
    1    276     64      -     39     24      0      0      0      0  10501   1470  40790      5      0 
    0    301     61      -    100     48      0      0      0      0  10501   1275  41808      5      0 
    1    278     62      -    100     58      0      0      0      0  10501   2715  40790      5      0 
    0    301     61      -    100     47      0      0      0      0  10501   1215  41808      5      0 
    1    270     64      -     87     66      0      0      0      0  10501   1470  40790      5      0 
    0    301     61      -    100     46      0      0      0      0  10501   1215  41808      5      0 
    1    272     69      -     69     39      0      0      0      0  10501   1635  40790      5      0 
    0    300     61      -    100     44      0      0      0      0  10501   1320  41808      5      0 
    1    285     65      -    100     58      0      0      0      0  10501   1485  40790      5      0 
    0    301     61      -    100     45      0      0      0      0  10501   1215  41808      5      0 
    1    268     64      -     46     24      0      0      0      0  10501   1575  40790      5      0 
# gpu    pwr  gtemp  mtemp     sm    mem    enc    dec    jpg    ofa   mclk   pclk     fb   bar1   ccpm 
# Idx      W      C      C      %      %      %      %      %      %    MHz    MHz     MB     MB     MB 
    0    301     61      -    100     45      0      0      0      0  10501   1230  41808      5      0 
    1    277     65      -    100     60      0      0      0      0  10501   1500  40790      5      0 
    0    300     61      -    100     45      0      0      0      0  10501   1245  41808      5      0 
    1    273     58      -    100     53      0      0      0      0  10501   2715  40790      5      0 
    0    301     61      -    100     42      0      0      0      0  10501   1275  41808      5      0 
    1    282     64      -    100     59      0      0      0      0  10501   1545  40790      5      0 
    0    301     61      -    100     42      0      0      0      0  10501   1245  41808      5      0 
    1    290     65      -    100     51      0      0      0      0  10501   1530  40790      5      0 
    0    301     61      -    100     41      0      0      0      0  10501   1260  41808      5      0 
    1    269     60      -     50     24      0      0      0      0  10501   2715  40790      5      0 
    0    300     61      -    100     42      0      0      0      0  10501   1275  41808      5      0 
    1    266     64      -     32     20      0      0      0      0  10501   1575  40790      5      0 
    0    301     61      -    100     42      0      0      0      0  10501   1275  41808      5      0 
    1    283     64      -    100     52      0      0      0      0  10501   1530  40790      5      0 
    0    300     61      -    100     41      0      0      0      0  10501   1305  41808      5      0 
    1    283     65      -    100     48      0      0      0      0  10501   1545  40790      5      0 
    0    301     61      -    100     39      0      0      0      0  10501   1260  41808      5      0 
    1    281     65      -    100     48      0      0      0      0  10501   1545  40790      5      0 
    0    301     61      -    100     39      0      0      0      0  10501   1215  41808      5      0 
    1    275     63      -    100     47      0      0      0      0  10501   1575  40790      5      0 
    0    301     61      -    100     38      0      0      0      0  10501   1260  41808      5      0 
    1    284     60      -    100     48      0      0      0      0  10501   1365  40790      5      0 
    0    300     61      -    100     38      0      0      0      0  10501   1320  41808      5      0 
    1    257     59      -    100     48      0      0      0      0  10501   2715  40790      5      0 
    0    300     61      -    100     38      0      0      0      0  10501   1305  41808      5      0 
    1    286     59      -     97     43      0      0      0      0  10501   2640  40790      5      0 
    0    300     62      -    100     38      0      0      0      0  10501   1260  41808      5      0 
    1    265     61      -     95     42      0      0      0      0  10501   1950  40790      5      0 
    0    300     61      -    100     37      0      0      0      0  10501   1290  41808      5      0 
    1    285     61      -    100     47      0      0      0      0  10501   1365  40790      5      0 
    0    301     61      -    100     36      0      0      0      0  10501   1335  41808      5      0 
    1    268     65      -     71     29      0      0      0      0  10501   1785  40790      5      0 
    0    300     62      -    100     37      0      0      0      0  10501   1290  41808      5      0 
    1    278     65      -    100     43      0      0      0      0  10501   1350  40790      5      0 
    0    233     61      -    100     63      0      0      0      0  10501   1350  41808      5      0 
    1    245     64      -    100     46      0      0      0      0  10501   1425  40790      5      0 
    0    311     60      -    100     51      0      0      0      0  10501   1155  41808      5      0 
    1    290     64      -     51     40      0      0      0      0  10501   1425  40790      5      0 
    0    300     61      -    100     51      0      0      0      0  10501   1170  41808      5      0 
    1    285     64      -     35     30      0      0      0      0  10501   1455  40790      5      0 
    0    300     61      -    100     51      0      0      0      0  10501   1215  41808      5      0 
    1    287     69      -     13      7      0      0      0      0  10501   1455  40790      5      0 
    0    300     61      -    100     49      0      0      0      0  10501   1215  41808      5      0 
    1    284     58      -     71     41      0      0      0      0  10501   1620  40790      5      0 
# gpu    pwr  gtemp  mtemp     sm    mem    enc    dec    jpg    ofa   mclk   pclk     fb   bar1   ccpm 
# Idx      W      C      C      %      %      %      %      %      %    MHz    MHz     MB     MB     MB 
    0    300     61      -    100     49      0      0      0      0  10501   1245  41808      5      0 
    1    282     63      -    100     56      0      0      0      0  10501   2160  40790      5      0 
    0    300     61      -    100     48      0      0      0      0  10501   1230  41808      5      0 
    1    282     58      -     56     31      0      0      0      0  10501   2535  40790      5      0 
    0    300     61      -    100     46      0      0      0      0  10501   1230  41808      5      0 
    1    277     65      -    100     59      0      0      0      0  10501   1485  40790      5      0 
    0    300     61      -    100     46      0      0      0      0  10501   1320  41808      5      0 
    1    276     65      -      7      4      0      0      0      0  10501   1845  40790      5      0 
    0    300     61      -    100     46      0      0      0      0  10501   1245  41808      5      0 
    1    275     65      -    100     53      0      0      0      0  10501   1515  40790      5      0 
    0    300     61      -    100     45      0      0      0      0  10501   1245  41808      5      0 
    1    288     58      -     63     31      0      0      0      0  10501   2715  40790      5      0 
    0    300     61      -    100     44      0      0      0      0  10501   1260  41808      5      0 
    1    276     64      -    100     59      0      0      0      0  10501   1500  40790      5      0 
    0    300     61      -    100     44      0      0      0      0  10501   1275  41808      5      0 
    1    294     65      -    100     52      0      0      0      0  10501   1485  40790      5      0 
    0    300     61      -    100     42      0      0      0      0  10501   1275  41808      5      0 
    1    274     58      -     38     20      0      0      0      0  10501   2715  40790      5      0 
    0    300     61      -    100     42      0      0      0      0  10501   1275  41808      5      0 
    1    283     64      -    100     50      0      0      0      0  10501   1545  40790      5      0 
    0    300     61      -    100     42      0      0      0      0  10501   1260  41808      5      0 
    1    287     65      -    100     50      0      0      0      0  10501   1530  40790      5      0 
    0    300     61      -    100     42      0      0      0      0  10501   1260  41808      5      0 
    1    282     59      -     76     37      0      0      0      0  10501   2535  40790      5      0 
    0    300     61      -    100     41      0      0      0      0  10501   1305  41808      5      0 
    1    265     66      -      2      0      0      0      0      0  10501   2715  40790      5      0 
    0    300     61      -    100     41      0      0      0      0  10501   1335  41808      5      0 
    1    268     64      -     49     29      0      0      0      0  10501   1560  40790      5      0 
    0    300     61      -    100     38      0      0      0      0  10501   1290  41808      5      0 
    1    275     64      -     95     49      0      0      0      0  10501   1545  40790      5      0 
    0    300     61      -    100     40      0      0      0      0  10501   1290  41808      5      0 
    1    286     64      -    100     49      0      0      0      0  10501   1560  40790      5      0 
    0    300     61      -    100     42      0      0      0      0  10501   1305  41808      5      0 
    1    284     64      -    100     46      0      0      0      0  10501   1560  40790      5      0 
    0    301     61      -    100     40      0      0      0      0  10501   1290  41808      5      0 
    1    279     64      -    100     46      0      0      0      0  10501   1560  40790      5      0 
    0    301     61      -    100     38      0      0      0      0  10501   1290  41808      5      0 
    1    290     65      -    100     52      0      0      0      0  10501   1560  40790      5      0 
    0    301     61      -    100     39      0      0      0      0  10501   1275  41808      5      0 
    1    273     64      -    100     45      0      0      0      0  10501   1560  40790      5      0 
    0    301     61      -    100     38      0      0      0      0  10501   1335  41808      5      0 
    1    282     65      -    100     50      0      0      0      0  10501   1575  40790      5      0 
    0    295     56      -    100     38      0      0      0      0  10501   2730  36112      5      0 
    1    299     66      -     65     39      0      0      0      0  10501   1575  35454      5      0 
# gpu    pwr  gtemp  mtemp     sm    mem    enc    dec    jpg    ofa   mclk   pclk     fb   bar1   ccpm 
# Idx      W      C      C      %      %      %      %      %      %    MHz    MHz     MB     MB     MB 
    0    181     58      -     87     53      0      0      0      0  10501   2730  36112      5      0 
    1    257     61      -     39     46      0      0      0      0  10501   2715  35454      5      0 
    0    235     57      -     61     71      0      0      0      0  10501   2715  36112      5      0 
    1    227     60      -     54     64      0      0      0      0  10501   2715  35454      5      0 
    0    236     55      -     42     50      0      0      0      0  10501   2520  36112      5      0 
    1    229     59      -     51     60      0      0      0      0  10501   2595  35454      5      0 
    0    235     56      -     39     46      0      0      0      0  10501   2730  36112      5      0 
    1    227     60      -     60     71      0      0      0      0  10501   2715  35454      5      0 
    0    234     55      -     61     72      0      0      0      0  10501   2520  36112      5      0 
    1    226     61      -     49     58      0      0      0      0  10501   2715  35454      5      0 
    0    233     57      -     61     72      0      0      0      0  10501   2715  36112      5      0 
    1    225     59      -     39     46      0      0      0      0  10501   2595  35454      5      0 
    0    234     57      -     49     58      0      0      0      0  10501   2730  36112      5      0 
    1    224     60      -     39     46      0      0      0      0  10501   2715  35454      5      0 
    0    233     56      -     39     47      0      0      0      0  10501   2730  36112      5      0 
    1    225     58      -     44     52      0      0      0      0  10501   2550  35454      5      0 
    0    233     54      -     50     59      0      0      0      0  10501   2700  36112      5      0 
    1    227     58      -     60     71      0      0      0      0  10501   2520  35454      5      0 
    0    233     56      -     50     59      0      0      0      0  10501   2520  36112      5      0 
    1    229     58      -     59     70      0      0      0      0  10501   2715  35454      5      0 
    0    233     56      -     47     55      0      0      0      0  10501   2730  36112      5      0 
    1    227     60      -     59     70      0      0      0      0  10501   2715  35454      5      0 
    0    232     54      -     61     72      0      0      0      0  10501   2730  36112      5      0 
    1    226     60      -     41     48      0      0      0      0  10501   2685  35454      5      0 
    0    231     54      -     56     66      0      0      0      0  10501   2625  36112      5      0 
    1    224     57      -     39     46      0      0      0      0  10501   2715  35454      5      0 
    0    232     54      -     59     70      0      0      0      0  10501   2685  36112      5      0 
    1    224     58      -     39     46      0      0      0      0  10501   2715  35454      5      0 
    0    232     55      -     40     48      0      0      0      0  10501   2520  36112      5      0 
    1    225     58      -     53     62      0      0      0      0  10501   2535  35454      5      0 
    0    233     56      -     40     47      0      0      0      0  10501   2730  36112      5      0 
    1    227     59      -     60     71      0      0      0      0  10501   2640  35454      5      0 
    0    233     56      -     58     69      0      0      0      0  10501   2520  36112      5      0 
    1    225     58      -     61     71      0      0      0      0  10501   2535  35454      5      0 
    0    232     55      -     55     65      0      0      0      0  10501   2730  36112      5      0 
    1    225     60      -     51     60      0      0      0      0  10501   2715  35454      5      0 
    0    232     53      -     61     72      0      0      0      0  10501   2730  36112      5      0 
    1    225     58      -     39     46      0      0      0      0  10501   2715  35454      5      0 
    0    232     54      -     48     56      0      0      0      0  10501   2715  36112      5      0 
    1    223     57      -     46     54      0      0      0      0  10501   2655  35454      5      0 
    0    231     54      -     51     60      0      0      0      0  10501   2715  36112      5      0 
    1    225     57      -     43     50      0      0      0      0  10501   2700  35454      5      0 
    0    230     55      -     39     47      0      0      0      0  10501   2550  36112      5      0 
    1    224     57      -     60     71      0      0      0      0  10501   2550  35454      5      0 
# gpu    pwr  gtemp  mtemp     sm    mem    enc    dec    jpg    ofa   mclk   pclk     fb   bar1   ccpm 
# Idx      W      C      C      %      %      %      %      %      %    MHz    MHz     MB     MB     MB 
    0    230     55      -     48     57      0      0      0      0  10501   2535  36112      5      0 
    1    226     60      -     58     68      0      0      0      0  10501   2715  35454      5      0 
    0    231     55      -     61     72      0      0      0      0  10501   2535  36112      5      0 
    1    226     60      -     60     71      0      0      0      0  10501   2715  35454      5      0 
    0    230     54      -     61     72      0      0      0      0  10501   2730  36112      5      0 
    1    226     59      -     42     50      0      0      0      0  10501   2715  35454      5      0 
    0    230     53      -     58     68      0      0      0      0  10501   2730  36112      5      0 
    1    225     57      -     39     46      0      0      0      0  10501   2715  35454      5      0 
    0    230     54      -     39     46      0      0      0      0  10501   2685  36112      5      0 
    1    224     57      -     54     64      0      0      0      0  10501   2550  35454      5      0 
    0    231     54      -     42     49      0      0      0      0  10501   2520  36112      5      0 
    1    226     57      -     60     71      0      0      0      0  10501   2715  35454      5      0 
    0    230     55      -     40     47      0      0      0      0  10501   2730  36112      5      0 
    1    224     58      -     46     55      0      0      0      0  10501   2715  35454      5      0 
    0    230     52      -     57     67      0      0      0      0  10501   2595  36366      5      0 
    1    224     56      -     38     45      0      0      0      0  10501   2715  35742      5      0 
    0    225     53      -     39     46      0      0      0      0  10501   2730  36366      5      0 
    1    227     57      -     58     69      0      0      0      0  10501   2715  35742      5      0 
    0    230     54      -     45     53      0      0      0      0  10501   2730  36366      5      0 
    1    226     57      -     60     71      0      0      0      0  10501   2550  35742      5      0 
    0    229     55      -     61     72      0      0      0      0  10501   2670  36366      5      0 
    1    224     59      -     42     50      0      0      0      0  10501   2715  35742      5      0 
    0    228     54      -     58     68      0      0      0      0  10501   2535  36366      5      0 
    1    224     59      -     39     46      0      0      0      0  10501   2715  35742      5      0 
    0    230     53      -     60     71      0      0      0      0  10501   2700  36366      5      0 
    1    225     57      -     39     46      0      0      0      0  10501   2715  35742      5      0 
    0    229     54      -     42     49      0      0      0      0  10501   2535  36366      5      0 
    1    224     56      -     51     60      0      0      0      0  10501   2550  35742      5      0 
    0    230     55      -     39     46      0      0      0      0  10501   2730  36366      5      0 
    1    225     57      -     60     71      0      0      0      0  10501   2565  35742      5      0 
    0    228     55      -     57     67      0      0      0      0  10501   2535  36366      5      0 
    1    221     57      -     49     58      0      0      0      0  10501   2550  35742      5      0 
    0    229     54      -     61     72      0      0      0      0  10501   2730  36366      5      0 
    1    224     59      -     39     46      0      0      0      0  10501   2715  35742      5      0 
    0    230     52      -     46     54      0      0      0      0  10501   2730  36366      5      0 
    1    223     58      -     47     56      0      0      0      0  10501   2715  35742      5      0 
    0    229     53      -     39     46      0      0      0      0  10501   2715  36366      5      0 
    1    224     56      -     60     71      0      0      0      0  10501   2670  35742      5      0 
    0    228     53      -     39     46      0      0      0      0  10501   2715  36366      5      0 
    1    225     56      -     60     71      0      0      0      0  10501   2700  35742      5      0 
    0    227     55      -     49     58      0      0      0      0  10501   2565  36366      5      0 
    1    224     57      -     57     67      0      0      0      0  10501   2535  35742      5      0 
    0    228     54      -     61     72      0      0      0      0  10501   2550  36366      5      0 
    1    225     59      -     39     46      0      0      0      0  10501   2715  35742      5      0 
# gpu    pwr  gtemp  mtemp     sm    mem    enc    dec    jpg    ofa   mclk   pclk     fb   bar1   ccpm 
# Idx      W      C      C      %      %      %      %      %      %    MHz    MHz     MB     MB     MB 
    0    227     53      -     54     63      0      0      0      0  10501   2535  36366      5      0 
    1    227     58      -     40     47      0      0      0      0  10501   2535  35742      5      0 
    0    228     52      -     57     67      0      0      0      0  10501   2535  36366      5      0 
    1    225     56      -     58     69      0      0      0      0  10501   2715  35742      5      0 
    0    229     54      -     39     46      0      0      0      0  10501   2730  36366      5      0 
    1    225     56      -     60     71      0      0      0      0  10501   2700  35742      5      0 
    0    228     55      -     42     49      0      0      0      0  10501   2730  36366      5      0 
    1    223     58      -     43     50      0      0      0      0  10501   2715  35742      5      0 
    0    228     55      -     60     71      0      0      0      0  10501   2730  36366      5      0 
    1    225     57      -     46     54      0      0      0      0  10501   2715  35742      5      0 
    0    226     53      -     61     72      0      0      0      0  10501   2670  36366      5      0 
    1    224     58      -     39     46      0      0      0      0  10501   2550  35742      5      0 
    0    227     52      -     39     46      0      0      0      0  10501   2550  36366      5      0 
    1    224     56      -     59     69      0      0      0      0  10501   2715  35742      5      0 
    0    227     53      -     46     55      0      0      0      0  10501   2520  36366      5      0 
    1    226     56      -     59     69      0      0      0      0  10501   2715  35742      5      0 
    0    227     54      -     47     55      0      0      0      0  10501   2715  36366      5      0 
    1    224     56      -     58     68      0      0      0      0  10501   2715  35742      5      0 
    0    227     54      -     61     72      0      0      0      0  10501   2730  36366      5      0 
    1    224     59      -     39     46      0      0      0      0  10501   2715  35742      5      0 
    0    226     52      -     50     59      0      0      0      0  10501   2535  36366      5      0 
    1    223     57      -     45     53      0      0      0      0  10501   2550  35742      5      0 
    0    226     52      -     50     59      0      0      0      0  10501   2580  36366      5      0 
    1    224     57      -     45     53      0      0      0      0  10501   2715  35742      5      0 
    0    226     53      -     39     46      0      0      0      0  10501   2730  36366      5      0 
    1    223     55      -     60     71      0      0      0      0  10501   2640  35742      5      0 
    0    226     55      -     55     64      0      0      0      0  10501   2715  36366      5      0 
    1    224     57      -     50     58      0      0      0      0  10501   2550  35742      5      0 
    0    226     55      -     61     72      0      0      0      0  10501   2730  36366      5      0 
    1    221     57      -     50     59      0      0      0      0  10501   2715  35742      5      0 
    0    226     54      -     61     72      0      0      0      0  10501   2730  36366      5      0 
    1    224     58      -     39     46      0      0      0      0  10501   2715  35742      5      0 
    0    226     52      -     43     50      0      0      0      0  10501   2700  36366      5      0 
    1    223     57      -     53     62      0      0      0      0  10501   2715  35742      5      0 
    0    226     53      -     40     47      0      0      0      0  10501   2520  36366      5      0 
    1    223     56      -     60     71      0      0      0      0  10501   2550  35742      5      0 
    0    226     53      -     40     47      0      0      0      0  10501   2700  36366      5      0 
    1    223     56      -     60     71      0      0      0      0  10501   2550  35742      5      0 
    0    226     55      -     61     72      0      0      0      0  10501   2520  36366      5      0 
    1    223     58      -     42     50      0      0      0      0  10501   2715  35742      5      0 
    0    227     53      -     57     67      0      0      0      0  10501   2730  36366      5      0 
    1    224     58      -     39     46      0      0      0      0  10501   2715  35742      5      0 
    0    226     53      -     39     46      0      0      0      0  10501   2520  36366      5      0 
    1    225     58      -     39     46      0      0      0      0  10501   2715  35742      5      0 
# gpu    pwr  gtemp  mtemp     sm    mem    enc    dec    jpg    ofa   mclk   pclk     fb   bar1   ccpm 
# Idx      W      C      C      %      %      %      %      %      %    MHz    MHz     MB     MB     MB 
    0    226     52      -     40     47      0      0      0      0  10501   2730  36366      5      0 
    1    224     55      -     60     71      0      0      0      0  10501   2715  35742      5      0 
    0    226     54      -     48     56      0      0      0      0  10501   2700  36366      5      0 
    1    223     56      -     56     66      0      0      0      0  10501   2715  35742      5      0 
    0    225     54      -     61     72      0      0      0      0  10501   2535  36366      5      0 
    1    222     58      -     39     46      0      0      0      0  10501   2550  35742      5      0 
    0    226     54      -     61     72      0      0      0      0  10501   2535  36366      5      0 
    1    224     58      -     39     46      0      0      0      0  10501   2655  35742      5      0 
    0    227     52      -     48     56      0      0      0      0  10501   2640  36366      5      0 
    1    222     57      -     46     54      0      0      0      0  10501   2550  35742      5      0 
    0    227     53      -     39     46      0      0      0      0  10501   2730  36366      5      0 
    1    223     55      -     60     71      0      0      0      0  10501   2715  35742      5      0 
    0    226     53      -     53     62      0      0      0      0  10501   2730  36366      5      0 
    1    222     58      -     60     71      0      0      0      0  10501   2550  35742      5      0 
    0    226     55      -     51     60      0      0      0      0  10501   2730  36366      5      0 
    1    223     56      -     55     65      0      0      0      0  10501   2550  35742      5      0 
    0    225     54      -     61     72      0      0      0      0  10501   2550  36366      5      0 
    1    222     58      -     39     46      0      0      0      0  10501   2715  35742      5      0 
    0    225     52      -     51     60      0      0      0      0  10501   2535  36366      5      0 
    1    222     57      -     43     51      0      0      0      0  10501   2715  35742      5      0 
    0    226     53      -     53     63      0      0      0      0  10501   2730  36366      5      0 
    1    223     57      -     43     51      0      0      0      0  10501   2580  35742      5      0 
    0    225     55      -     39     46      0      0      0      0  10501   2595  36366      5      0 
    1    223     58      -     41     48      0      0      0      0  10501   2715  35742      5      0 
    0    225     54      -     47     56      0      0      0      0  10501   2535  36366      5      0 
    1    223     56      -     60     71      0      0      0      0  10501   2715  35742      5      0 
    0    226     55      -     61     72      0      0      0      0  10501   2535  36366      5      0 
    1    222     56      -     58     68      0      0      0      0  10501   2565  35742      5      0 
    0    225     55      -     61     72      0      0      0      0  10501   2730  36366      5      0 
    1    223     58      -     41     48      0      0      0      0  10501   2715  35742      5      0 
    0    225     53      -     56     66      0      0      0      0  10501   2730  36366      5      0 
    1    223     55      -     39     46      0      0      0      0  10501   2715  35742      5      0 
    0    225     53      -     40     47      0      0      0      0  10501   2640  36366      5      0 
    1    223     56      -     57     68      0      0      0      0  10501   2550  35742      5      0 
    0    226     54      -     39     46      0      0      0      0  10501   2535  36366      5      0 
    1    222     58      -     57     68      0      0      0      0  10501   2640  35742      5      0 
    0    226     55      -     42     50      0      0      0      0  10501   2730  36366      5      0 
    1    221     57      -     60     71      0      0      0      0  10501   2550  35742      5      0 
    0    225     54      -     61     72      0      0      0      0  10501   2730  36366      5      0 
    1    223     58      -     39     46      0      0      0      0  10501   2550  35742      5      0 
    0    225     54      -     59     70      0      0      0      0  10501   2535  36366      5      0 
    1    222     56      -     39     46      0      0      0      0  10501   2715  35742      5      0 
    0    226     53      -     40     47      0      0      0      0  10501   2730  36366      5      0 
    1    222     56      -     54     64      0      0      0      0  10501   2715  35742      5      0 
# gpu    pwr  gtemp  mtemp     sm    mem    enc    dec    jpg    ofa   mclk   pclk     fb   bar1   ccpm 
# Idx      W      C      C      %      %      %      %      %      %    MHz    MHz     MB     MB     MB 
    0    225     54      -     41     48      0      0      0      0  10501   2730  36366      5      0 
    1    222     56      -     60     70      0      0      0      0  10501   2715  35742      5      0 
    0    225     55      -     61     72      0      0      0      0  10501   2610  36366      5      0 
    1    222     58      -     39     46      0      0      0      0  10501   2565  35742      5      0 
    0    226     55      -     61     72      0      0      0      0  10501   2535  36366      5      0 
    1    225     56      -     39     46      0      0      0      0  10501   2580  35742      5      0 
    0    225     52      -     53     62      0      0      0      0  10501   2730  36366      5      0 
    1    223     57      -     39     46      0      0      0      0  10501   2640  35742      5      0 
    0    226     53      -     40     47      0      0      0      0  10501   2715  36366      5      0 
    1    222     56      -     60     71      0      0      0      0  10501   2550  35742      5      0 
    0    226     55      -     52     61      0      0      0      0  10501   2580  36366      5      0 
    1    222     55      -     60     71      0      0      0      0  10501   2715  35742      5      0 
    0    225     55      -     52     61      0      0      0      0  10501   2730  36366      5      0 
    1    223     58      -     52     62      0      0      0      0  10501   2715  35742      5      0 
    0    226     53      -     61     72      0      0      0      0  10501   2715  36366      5      0 
    1    223     57      -     39     46      0      0      0      0  10501   2715  35742      5      0 
    0    225     54      -     45     53      0      0      0      0  10501   2535  36366      5      0 
    1    221     55      -     50     59      0      0      0      0  10501   2580  35742      5      0 
    0    226     54      -     39     46      0      0      0      0  10501   2730  36366      5      0 
    1    223     55      -     60     71      0      0      0      0  10501   2715  35742      5      0 
    0    225     55      -     59     69      0      0      0      0  10501   2715  36366      5      0 
    1    221     57      -     45     53      0      0      0      0  10501   2550  35742      5      0 
    0    226     54      -     60     70      0      0      0      0  10501   2535  36366      5      0 
    1    223     58      -     39     46      0      0      0      0  10501   2715  35742      5      0 
    0    226     54      -     39     46      0      0      0      0  10501   2535  36366      5      0 
    1    222     56      -     39     46      0      0      0      0  10501   2670  35742      5      0 
    0    226     53      -     40     47      0      0      0      0  10501   2730  36366      5      0 
    1    222     56      -     58     68      0      0      0      0  10501   2715  35742      5      0 
    0    226     55      -     45     53      0      0      0      0  10501   2730  36366      5      0 
    1    222     56      -     59     69      0      0      0      0  10501   2715  35742      5      0 
    0    225     55      -     61     72      0      0      0      0  10501   2580  36366      5      0 
    1    222     58      -     39     46      0      0      0      0  10501   2550  35742      5      0 
    0    226     55      -     61     72      0      0      0      0  10501   2535  36366      5      0 
    1    225     56      -     39     46      0      0      0      0  10501   2715  35742      5      0 
    0    225     53      -     52     61      0      0      0      0  10501   2730  36366      5      0 
    1    222     58      -     39     46      0      0      0      0  10501   2565  35742      5      0 
    0    226     54      -     39     46      0      0      0      0  10501   2715  36366      5      0 
    1    222     58      -     44     52      0      0      0      0  10501   2715  35742      5      0 
    0    226     56      -     53     62      0      0      0      0  10501   2730  36366      5      0 
    1    221     58      -     60     71      0      0      0      0  10501   2715  35742      5      0 
    0    225     55      -     53     63      0      0      0      0  10501   2730  36366      5      0 
    1    222     58      -     49     58      0      0      0      0  10501   2715  35742      5      0 
    0    226     53      -     61     72      0      0      0      0  10501   2715  36366      5      0 
    1    222     57      -     39     46      0      0      0      0  10501   2715  35742      5      0 
# gpu    pwr  gtemp  mtemp     sm    mem    enc    dec    jpg    ofa   mclk   pclk     fb   bar1   ccpm 
# Idx      W      C      C      %      %      %      %      %      %    MHz    MHz     MB     MB     MB 
    0    226     54      -     45     53      0      0      0      0  10501   2535  36366      5      0 
    1    221     56      -     49     57      0      0      0      0  10501   2610  35742      5      0 
    0    226     54      -     40     47      0      0      0      0  10501   2730  36366      5      0 
    1    222     58      -     60     71      0      0      0      0  10501   2715  35742      5      0 
    0    225     56      -     55     65      0      0      0      0  10501   2715  36366      5      0 
    1    221     56      -     50     59      0      0      0      0  10501   2625  35742      5      0 
    0    226     55      -     61     72      0      0      0      0  10501   2520  36366      5      0 
    1    222     58      -     39     46      0      0      0      0  10501   2565  35742      5      0 
    0    226     55      -     46     54      0      0      0      0  10501   2625  36366      5      0 
    1    222     56      -     39     46      0      0      0      0  10501   2715  35742      5      0 
    0    226     53      -     48     57      0      0      0      0  10501   2730  36366      5      0 
    1    220     57      -     46     54      0      0      0      0  10501   2715  35742      5      0 
    0    226     54      -     39     46      0      0      0      0  10501   2715  36366      5      0 
    1    222     56      -     60     71      0      0      0      0  10501   2715  35742      5      0 
    0    225     56      -     52     62      0      0      0      0  10501   2520  36366      5      0 
    1    221     56      -     53     62      0      0      0      0  10501   2685  35742      5      0 
    0    225     56      -     50     59      0      0      0      0  10501   2535  36366      5      0 
    1    222     58      -     53     62      0      0      0      0  10501   2670  35742      5      0 
    0    224     55      -     61     72      0      0      0      0  10501   2535  36366      5      0 
    1    220     56      -     55     65      0      0      0      0  10501   2715  35742      5      0 
    0    226     53      -     51     60      0      0      0      0  10501   2730  36366      5      0 
    1    222     56      -     39     46      0      0      0      0  10501   2715  35742      5      0 
    0    225     56      -     39     47      0      0      0      0  10501   2535  36366      5      0 
    1    221     57      -     43     51      0      0      0      0  10501   2565  35742      5      0 
    0    226     54      -     39     46      0      0      0      0  10501   2730  36366      5      0 
    1    222     57      -     41     48      0      0      0      0  10501   2715  35742      5      0 
    0    225     55      -     47     55      0      0      0      0  10501   2730  36366      5      0 
    1    220     58      -     60     71      0      0      0      0  10501   2610  35742      5      0 
    0    225     56      -     61     72      0      0      0      0  10501   2625  36366      5      0 
    1    221     57      -     58     69      0      0      0      0  10501   2565  35742      5      0 
    0    226     54      -     61     72      0      0      0      0  10501   2670  36366      5      0 
    1    222     58      -     39     46      0      0      0      0  10501   2565  35742      5      0 
    0    226     54      -     57     67      0      0      0      0  10501   2730  36366      5      0 
    1    221     56      -     41     48      0      0      0      0  10501   2715  35742      5      0 
    0    226     56      -     40     47      0      0      0      0  10501   2715  36366      5      0 
    1    221     57      -     39     46      0      0      0      0  10501   2715  35742      5      0 
    0    226     55      -     46     54      0      0      0      0  10501   2535  36366      5      0 
    1    220     58      -     57     67      0      0      0      0  10501   2610  35742      5      0 
    0    226     55      -     40     47      0      0      0      0  10501   2715  36366      5      0 
    1    221     58      -     58     69      0      0      0      0  10501   2610  35742      5      0 
    0    226     54      -     46     54      0      0      0      0  10501   2535  36366      5      0 
    1    220     57      -     58     68      0      0      0      0  10501   2595  35742      5      0 
    0    226     55      -     61     72      0      0      0      0  10501   2730  36366      5      0 
    1    220     56      -     39     46      0      0      0      0  10501   2670  35742      5      0 
# gpu    pwr  gtemp  mtemp     sm    mem    enc    dec    jpg    ofa   mclk   pclk     fb   bar1   ccpm 
# Idx      W      C      C      %      %      %      %      %      %    MHz    MHz     MB     MB     MB 
    0    226     55      -     61     72      0      0      0      0  10501   2730  36366      5      0 
    1    223     56      -     45     53      0      0      0      0  10501   2685  35742      5      0 
    0    226     56      -     51     60      0      0      0      0  10501   2730  36366      5      0 
    1    220     58      -     39     46      0      0      0      0  10501   2715  35742      5      0 
    0    226     55      -     39     46      0      0      0      0  10501   2670  36366      5      0 
    1    220     58      -     45     53      0      0      0      0  10501   2715  35742      5      0 
    0    225     54      -     54     63      0      0      0      0  10501   2535  36366      5      0 
    1    219     56      -     60     71      0      0      0      0  10501   2565  35742      5      0 
    0    226     54      -     61     72      0      0      0      0  10501   2730  36366      5      0 
    1    220     56      -     50     59      0      0      0      0  10501   2715  35742      5      0 
    0    225     56      -     43     51      0      0      0      0  10501   2730  36366      5      0 
    1    219     56      -     39     46      0      0      0      0  10501   2715  35742      5      0 
    0    226     56      -     40     47      0      0      0      0  10501   2535  36366      5      0 
    1    220     59      -     53     62      0      0      0      0  10501   2565  35742      5      0 
    0    225     54      -     40     47      0      0      0      0  10501   2730  36366      5      0 
    1    218     58      -     60     71      0      0      0      0  10501   2685  35742      5      0 
    0    225     55      -     61     72      0      0      0      0  10501   2715  36366      5      0 
    1    220     56      -     60     71      0      0      0      0  10501   2565  35742      5      0 
    0    226     57      -     57     67      0      0      0      0  10501   2520  36366      5      0 
    1    220     57      -     42     49      0      0      0      0  10501   2715  35742      5      0 
    0    225     56      -     40     47      0      0      0      0  10501   2730  36366      5      0 
    1    219     58      -     39     46      0      0      0      0  10501   2715  35742      5      0 
    0    226     56      -     48     56      0      0      0      0  10501   2715  36366      5      0 
    1    220     58      -     60     71      0      0      0      0  10501   2565  35742      5      0 
    0    225     54      -     61     72      0      0      0      0  10501   2535  36366      5      0 
    1    219     57      -     56     66      0      0      0      0  10501   2685  35742      5      0 
    0    226     56      -     49     58      0      0      0      0  10501   2730  36366      5      0 
    1    220     56      -     39     46      0      0      0      0  10501   2715  35742      5      0 
    0    225     56      -     49     58      0      0      0      0  10501   2730  36366      5      0 
    1    217     57      -     46     54      0      0      0      0  10501   2715  35742      5      0 
    0    226     57      -     39     46      0      0      0      0  10501   2670    446      5      0 
    1    219     59      -     47     55      0      0      0      0  10501   2565    446      5      0 
    0    162     52      -    100      8      0      0      0      0  10501   2730      1      2      0 
    1    146     54      -    100      8      0      0      0      0  10501   2715      1      2      0 
