# gpu    pwr  gtemp  mtemp     sm    mem    enc    dec    jpg    ofa   mclk   pclk     fb   bar1   ccpm 
# Idx      W      C      C      %      %      %      %      %      %    MHz    MHz     MB     MB     MB 
    0     35     34      -      0      0      0      0      0      0    405    210      1      2      0 
    1     19     39      -      0      0      0      0      0      0    405    210      1      2      0 
    0     47     35      -      0      0      0      0      0      0  10501   2520    396      5      0 
    1     20     39      -      0      0      0      0      0      0  10501   2520    396      5      0 
    0     74     35      -      0      0      0      0      0      0  10501   2520    396      5      0 
    1     58     40      -      0      0      0      0      0      0  10501   2520    396      5      0 
    0     74     36      -      0      0      0      0      0      0  10501   2520    396      5      0 
    1     60     40      -      0      0      0      0      0      0  10501   2520    396      5      0 
    0     74     36      -      0      0      0      0      0      0  10501   2520  22684      5      0 
    1     59     40      -      0      0      0      0      0      0  10501   2520    396      5      0 
    0     75     36      -      0      0      0      0      0      0  10501   2520  22684      5      0 
    1     60     40      -      0      0      0      0      0      0  10501   2520  22656      5      0 
    0     75     36      -      7      0      0      0      0      0  10501   2520  22684      5      0 
    1     62     40      -      0      0      0      0      0      0  10501   2520  22656      5      0 
    0     75     36      -      7      0      0      0      0      0  10501   2520  22684      5      0 
    1     62     40      -      0      0      0      0      0      0  10501   2520  22656      5      0 
    0     76     36      -      7      0      0      0      0      0  10501   2520  22684      5      0 
    1     61     40      -      0      0      0      0      0      0  10501   2520  22656      5      0 
    0     75     36      -      8      0      0      0      0      0  10501   2520  22684      5      0 
    1     60     40      -      0      0      0      0      0      0  10501   2520  22656      5      0 
    0     75     36      -      6      0      0      0      0      0  10501   2520  22684      5      0 
    1     60     40      -      0      0      0      0      0      0  10501   2520  22656      5      0 
    0     75     36      -      9      0      0      0      0      0  10501   2520  22684      5      0 
    1     61     40      -      0      0      0      0      0      0  10501   2520  22656      5      0 
    0     73     36      -      6      0      0      0      0      0  10501   2520  22684      5      0 
    1     59     40      -      0      0      0      0      0      0  10501   2520  22656      5      0 
    0     75     36      -      8      0      0      0      0      0  10501   2520  22684      5      0 
    1     59     40      -      0      0      0      0      0      0  10501   2520  22656      5      0 
    0     73     36      -      8      0      0      0      0      0  10501   2520  22684      5      0 
    1     59     40      -      0      0      0      0      0      0  10501   2520  22656      5      0 
    0     74     36      -      7      0      0      0      0      0  10501   2520  22684      5      0 
    1     59     40      -      0      0      0      0      0      0  10501   2520  22656      5      0 
    0     74     36      -      8      0      0      0      0      0  10501   2520  22684      5      0 
    1     60     40      -      0      0      0      0      0      0  10501   2520  22656      5      0 
    0     75     36      -      8      0      0      0      0      0  10501   2520  22684      5      0 
    1     61     40      -      0      0      0      0      0      0  10501   2520  22656      5      0 
    0     75     36      -      8      0      0      0      0      0  10501   2520  22684      5      0 
    1     61     40      -      0      0      0      0      0      0  10501   2520  22656      5      0 
    0     74     36      -      7      0      0      0      0      0  10501   2520  22684      5      0 
    1     60     40      -      0      0      0      0      0      0  10501   2520  22656      5      0 
    0     75     36      -      7      0      0      0      0      0  10501   2520  22684      5      0 
    1     60     40      -      0      0      0      0      0      0  10501   2520  22656      5      0 
    0     74     36      -      6      0      0      0      0      0  10501   2520  22684      5      0 
    1     60     40      -      0      0      0      0      0      0  10501   2520  22656      5      0 
# gpu    pwr  gtemp  mtemp     sm    mem    enc    dec    jpg    ofa   mclk   pclk     fb   bar1   ccpm 
# Idx      W      C      C      %      %      %      %      %      %    MHz    MHz     MB     MB     MB 
    0     75     36      -      9      0      0      0      0      0  10501   2520  22684      5      0 
    1     50     40      -      0      0      0      0      0      0    810    435  22656      5      0 
    0     74     37      -      8      0      0      0      0      0  10501   2520  22684      5      0 
    1     32     39      -      0      0      0      0      0      0    405    270  22656      5      0 
    0     75     36      -      7      0      0      0      0      0  10501   2520  22684      5      0 
    1     22     39      -      0      0      0      0      0      0    405    210  22656      5      0 
    0     75     36      -      8      0      0      0      0      0  10501   2520  22684      5      0 
    1     22     39      -      0      0      0      0      0      0    405    210  22656      5      0 
    0     74     36      -      9      0      0      0      0      0  10501   2520  22684      5      0 
    1     24     39      -      0      0      0      0      0      0    405    210  22656      5      0 
    0     75     36      -      9      0      0      0      0      0  10501   2520  22684      5      0 
    1     24     39      -      0      0      0      0      0      0    405    210  22656      5      0 
    0     74     36      -      8      0      0      0      0      0  10501   2520  22684      5      0 
    1     24     39      -      0      0      0      0      0      0    405    210  22656      5      0 
    0     75     36      -      7      0      0      0      0      0  10501   2520  22684      5      0 
    1     28     39      -      8      0      0      0      0      0  10501   2520  22656      5      0 
    0     74     36      -      0      0      0      0      0      0  10501   2520  22684      5      0 
    1     62     40      -      8      0      0      0      0      0  10501   2520  22656      5      0 
    0     74     36      -      0      0      0      0      0      0  10501   2520  22684      5      0 
    1     63     40      -      7      0      0      0      0      0  10501   2520  22656      5      0 
    0     73     37      -      0      0      0      0      0      0  10501   2520  22684      5      0 
    1     62     40      -      7      0      0      0      0      0  10501   2520  22656      5      0 
    0     74     37      -      0      0      0      0      0      0  10501   2520  22684      5      0 
    1     62     40      -      8      0      0      0      0      0  10501   2520  22656      5      0 
    0     74     37      -      0      0      0      0      0      0  10501   2520  22684      5      0 
    1     62     40      -      8      0      0      0      0      0  10501   2520  22656      5      0 
    0     74     37      -      0      0      0      0      0      0  10501   2520  22684      5      0 
    1     63     40      -      6      0      0      0      0      0  10501   2520  22656      5      0 
    0     74     37      -      0      0      0      0      0      0  10501   2520  22684      5      0 
    1     63     40      -      8      0      0      0      0      0  10501   2520  22656      5      0 
    0     74     37      -      0      0      0      0      0      0  10501   2520  22684      5      0 
    1     63     40      -      8      0      0      0      0      0  10501   2520  22656      5      0 
    0     74     37      -      0      0      0      0      0      0  10501   2520  22684      5      0 
    1     62     40      -      6      0      0      0      0      0  10501   2520  22656      5      0 
    0     74     37      -      0      0      0      0      0      0  10501   2520  22684      5      0 
    1     63     40      -      7      0      0      0      0      0  10501   2520  22656      5      0 
    0     74     37      -      0      0      0      0      0      0  10501   2520  22684      5      0 
    1     63     40      -      7      0      0      0      0      0  10501   2520  22656      5      0 
    0     74     37      -      0      0      0      0      0      0  10501   2520  22684      5      0 
    1     64     40      -      8      0      0      0      0      0  10501   2520  22656      5      0 
    0     74     37      -      0      0      0      0      0      0  10501   2520  22684      5      0 
    1     62     40      -      9      0      0      0      0      0  10501   2520  22656      5      0 
    0     74     37      -      0      0      0      0      0      0  10501   2520  22684      5      0 
    1     62     40      -      7      0      0      0      0      0  10501   2520  22656      5      0 
# gpu    pwr  gtemp  mtemp     sm    mem    enc    dec    jpg    ofa   mclk   pclk     fb   bar1   ccpm 
# Idx      W      C      C      %      %      %      %      %      %    MHz    MHz     MB     MB     MB 
    0     74     37      -      0      0      0      0      0      0  10501   2520  22684      5      0 
    1     62     40      -      7      0      0      0      0      0  10501   2520  22656      5      0 
    0     74     37      -      0      0      0      0      0      0  10501   2520  22684      5      0 
    1     63     40      -      8      0      0      0      0      0  10501   2520  22656      5      0 
    0     66     36      -      0      0      0      0      0      0    810    435  22684      5      0 
    1     62     41      -      9      0      0      0      0      0  10501   2520  22656      5      0 
    0     47     36      -      0      0      0      0      0      0    405    270  22684      5      0 
    1     63     40      -      6      0      0      0      0      0  10501   2520  22656      5      0 
    0     35     36      -      0      0      0      0      0      0    405    210  22684      5      0 
    1     63     40      -      8      0      0      0      0      0  10501   2520  22656      5      0 
    0     35     35      -      0      0      0      0      0      0    405    210  22684      5      0 
    1     62     40      -      9      0      0      0      0      0  10501   2520  22656      5      0 
    0     35     35      -      0      0      0      0      0      0    405    210  22684      5      0 
    1     63     41      -      7      0      0      0      0      0  10501   2520  22656      5      0 
    0     35     35      -      0      0      0      0      0      0    405    210  22684      5      0 
    1     62     41      -      8      0      0      0      0      0  10501   2520  22656      5      0 
    0     35     35      -      0      0      0      0      0      0    405    210  23056      5      0 
    1     63     41      -      8      0      0      0      0      0  10501   2520  23114      5      0 
    0    128     44      -    100     32      0      0      0      0  10501   1275  23116      5      0 
    1    116     48      -    100     34      0      0      0      0  10501   1380  23174      5      0 
    0    183     46      -     82     35      0      0      0      0  10501   1260  23116      5      0 
    1    168     48      -     25     14      0      0      0      0  10501   1290  23174      5      0 
    0    197     41      -    100     32      0      0      0      0  10501   1860  23376      5      0 
    1    183     43      -      9      1      0      0      0      0  10501   2730  23414      5      0 
    0    256     45      -    100     28      0      0      0      0  10501   1110  23376      5      0 
    1    185     45      -     76     28      0      0      0      0  10501   2655  23414      5      0 
    0    217     46      -    100     33      0      0      0      0  10501   1305  23376      5      0 
    1    196     43      -      0      0      0      0      0      0  10501   2685  23414      5      0 
    0    225     40      -      0      0      0      0      0      0  10501   2745  23376      5      0 
    1    223     51      -    100     32      0      0      0      0  10501   1335  23414      5      0 
    0    233     46      -    100     31      0      0      0      0  10501   1095  23376      5      0 
    1    206     49      -    100     35      0      0      0      0  10501   2010  23414      5      0 
    0    206     47      -    100     32      0      0      0      0  10501   1290  23376      5      0 
    1    231     51      -    100     34      0      0      0      0  10501   1380  23414      5      0 
    0    255     47      -    100     32      0      0      0      0  10501   1095  23376      5      0 
    1    208     52      -    100     34      0      0      0      0  10501   1350  23414      5      0 
    0    208     48      -     76     30      0      0      0      0  10501   1290  23722      5      0 
    1    219     45      -      4      1      0      0      0      0  10501   2520  23734      5      0 
    0    250     48      -     71     29      0      0      0      0  10501   1245  23722      5      0 
    1    187     57      -     23     13      0      0      0      0  10501   1260  23734      5      0 
    0    249     48      -    100     30      0      0      0      0  10501   1245  23722      5      0 
    1    236     54      -      0      0      0      0      0      0  10501   1335  23734      5      0 
    0    212     48      -    100     32      0      0      0      0  10501   1290  23722      5      0 
    1    193     50      -    100     31      0      0      0      0  10501   1290  23734      5      0 
# gpu    pwr  gtemp  mtemp     sm    mem    enc    dec    jpg    ofa   mclk   pclk     fb   bar1   ccpm 
# Idx      W      C      C      %      %      %      %      %      %    MHz    MHz     MB     MB     MB 
    0    253     48      -    100     27      0      0      0      0  10501   1155  23722      5      0 
    1    237     50      -    100     34      0      0      0      0  10501   2175  23734      5      0 
    0    246     50      -     83     22      0      0      0      0  10501   1200  23722      5      0 
    1    223     53      -     81     33      0      0      0      0  10501   1185  23734      5      0 
    0    219     55      -     51     31      0      0      0      0  10501   2745  23722      5      0 
    1    246     54      -     78     27      0      0      0      0  10501   1755  23734      5      0 
    0    270     49      -     76     27      0      0      0      0  10501   1050  23722      5      0 
    1    217     54      -     29     13      0      0      0      0  10501   1305  23734      5      0 
    0    248     49      -    100     27      0      0      0      0  10501   1080  23722      5      0 
    1    232     48      -    100     33      0      0      0      0  10501   2520  23734      5      0 
    0    231     44      -      0      0      0      0      0      0  10501   2520  23722      5      0 
    1    235     54      -     62     27      0      0      0      0  10501   1215  23734      5      0 
    0    219     50      -    100     32      0      0      0      0  10501   1095  23722      5      0 
    1    210     54      -     65     30      0      0      0      0  10501   1320  23734      5      0 
    0    251     50      -    100     29      0      0      0      0  10501   1875  23722      5      0 
    1    232     57      -     43     13      0      0      0      0  10501   1320  23734      5      0 
    0    248     51      -    100     28      0      0      0      0  10501   1170  23722      5      0 
    1    240     53      -    100     31      0      0      0      0  10501   1950  23734      5      0 
    0    208     51      -    100     36      0      0      0      0  10501   1260  24414      5      0 
    1    196     55      -     42     11      0      0      0      0  10501   1335  24374      5      0 
    0    253     52      -     95     28      0      0      0      0  10501   1440  24414      5      0 
    1    231     55      -     26      9      0      0      0      0  10501   1230  24374      5      0 
    0    248     51      -    100     30      0      0      0      0  10501   1230  24414      5      0 
    1    226     50      -     89     27      0      0      0      0  10501   1965  24374      5      0 
    0    256     52      -    100     31      0      0      0      0  10501   1065  24414      5      0 
    1    226     56      -     96     35      0      0      0      0  10501   1365  24374      5      0 
    0    250     52      -    100     26      0      0      0      0  10501   1125  24414      5      0 
    1    224     52      -     89     26      0      0      0      0  10501   2730  24374      5      0 
    0    248     49      -     72     26      0      0      0      0  10501   1035  24414      5      0 
    1    244     62      -     49     24      0      0      0      0  10501   1155  24374      5      0 
    0    216     46      -      0      0      0      0      0      0  10501   2520  24414      5      0 
    1    239     57      -    100     31      0      0      0      0  10501   1350  24374      5      0 
    0    229     52      -    100     27      0      0      0      0  10501   1080  24414      5      0 
    1    210     56      -    100     41      0      0      0      0  10501   1740  24374      5      0 
    0    248     51      -     76     28      0      0      0      0  10501   1185  24414      5      0 
    1    229     56      -      0      0      0      0      0      0  10501   1350  24374      5      0 
    0    249     53      -    100     27      0      0      0      0  10501   1125  24414      5      0 
    1    238     57      -    100     29      0      0      0      0  10501   2175  24374      5      0 
    0    244     53      -     74     20      0      0      0      0  10501   1110  24414      5      0 
    1    245     58      -     28     14      0      0      0      0  10501   1395  24374      5      0 
    0    244     53      -    100     28      0      0      0      0  10501   1215  24414      5      0 
    1    223     53      -     93     31      0      0      0      0  10501   2325  24374      5      0 
    0    251     54      -    100     27      0      0      0      0  10501   1215  24414      5      0 
    1    217     59      -     34     16      0      0      0      0  10501   1245  24374      5      0 
# gpu    pwr  gtemp  mtemp     sm    mem    enc    dec    jpg    ofa   mclk   pclk     fb   bar1   ccpm 
# Idx      W      C      C      %      %      %      %      %      %    MHz    MHz     MB     MB     MB 
    0    212     53      -    100     32      0      0      0      0  10501   1260  24414      5      0 
    1    214     51      -    100     29      0      0      0      0  10501   1275  24374      5      0 
    0    249     54      -    100     27      0      0      0      0  10501   1185  24414      5      0 
    1    242     57      -    100     34      0      0      0      0  10501   2055  24374      5      0 
    0    250     54      -    100     27      0      0      0      0  10501   1185  24414      5      0 
    1    227     57      -     57     24      0      0      0      0  10501   1365  24374      5      0 
    0    249     54      -    100     26      0      0      0      0  10501   1200  24414      5      0 
    1    233     57      -    100     34      0      0      0      0  10501   2565  24374      5      0 
    0    247     59      -    100     26      0      0      0      0  10501   2445  24414      5      0 
    1    227     58      -     53     23      0      0      0      0  10501   1350  24374      5      0 
    0    256     55      -    100     27      0      0      0      0  10501   1290  24414      5      0 
    1    244     58      -    100     31      0      0      0      0  10501   1365  24374      5      0 
    0    211     54      -    100     25      0      0      0      0  10501   1245  24414      5      0 
    1    205     52      -      0      0      0      0      0      0  10501   2520  24374      5      0 
    0    257     51      -    100     32      0      0      0      0  10501   1065  24414      5      0 
    1    210     58      -    100     33      0      0      0      0  10501   1365  24374      5      0 
    0    248     54      -    100     30      0      0      0      0  10501   1080  24414      5      0 
    1    225     55      -     15      5      0      0      0      0  10501   2715  24374      5      0 
    0    248     56      -     89     26      0      0      0      0  10501   1080  24414      5      0 
    1    228     58      -    100     32      0      0      0      0  10501   1380  24374      5      0 
    0    250     55      -    100     29      0      0      0      0  10501   1140  24414      5      0 
    1    229     57      -     30     10      0      0      0      0  10501   2715  24374      5      0 
    0    248     55      -    100     27      0      0      0      0  10501   1155  24414      5      0 
    1    227     59      -    100     32      0      0      0      0  10501   1365  24374      5      0 
    0    248     55      -    100     32      0      0      0      0  10501   1140  24414      5      0 
    1    240     59      -    100     31      0      0      0      0  10501   1350  24374      5      0 
    0    191     56      -      0      0      0      0      0      0  10501   1245  25798      5      0 
    1    185     59      -     98     38      0      0      0      0  10501   1305  25654      5      0 
    0    252     55      -    100     28      0      0      0      0  10501   1230  25798      5      0 
    1    235     54      -     22      8      0      0      0      0  10501   2715  25654      5      0 
    0    249     56      -     76     21      0      0      0      0  10501   1185  25798      5      0 
    1    226     60      -    100     32      0      0      0      0  10501   1350  25654      5      0 
    0    251     56      -    100     28      0      0      0      0  10501   1185  25798      5      0 
    1    229     61      -     11      5      0      0      0      0  10501   2715  25654      5      0 
    0    248     56      -     87     24      0      0      0      0  10501   1215  25798      5      0 
    1    225     60      -    100     30      0      0      0      0  10501   1350  25654      5      0 
    0    248     56      -    100     27      0      0      0      0  10501   1185  25798      5      0 
    1    236     56      -    100     32      0      0      0      0  10501   2115  25654      5      0 
    0    246     56      -    100     27      0      0      0      0  10501   1140  25798      5      0 
    1    217     60      -     14      6      0      0      0      0  10501   1290  25654      5      0 
    0    248     56      -     91     33      0      0      0      0  10501   1200  25798      5      0 
    1    231     60      -    100     28      0      0      0      0  10501   1365  25654      5      0 
    0    249     57      -    100     27      0      0      0      0  10501   1170  25798      5      0 
    1    239     61      -    100     29      0      0      0      0  10501   1350  25654      5      0 
# gpu    pwr  gtemp  mtemp     sm    mem    enc    dec    jpg    ofa   mclk   pclk     fb   bar1   ccpm 
# Idx      W      C      C      %      %      %      %      %      %    MHz    MHz     MB     MB     MB 
    0    249     57      -    100     26      0      0      0      0  10501   1215  25798      5      0 
    1    238     56      -    100     30      0      0      0      0  10501   2115  25654      5      0 
    0    249     57      -    100     26      0      0      0      0  10501   1125  25798      5      0 
    1    220     55      -     10      4      0      0      0      0  10501   2730  25654      5      0 
    0    261     53      -     90     22      0      0      0      0  10501   1080  25798      5      0 
    1    225     60      -     60     21      0      0      0      0  10501   1350  25654      5      0 
    0    249     58      -     62     26      0      0      0      0  10501   1155  25798      5      0 
    1    235     61      -    100     33      0      0      0      0  10501   1380  25654      5      0 
    0    252     57      -    100     30      0      0      0      0  10501   1215  25798      5      0 
    1    241     61      -    100     26      0      0      0      0  10501   1365  25654      5      0 
    0    204     57      -      0      0      0      0      0      0  10501   1755  25798      5      0 
    1    205     55      -      0      0      0      0      0      0  10501   2730  25654      5      0 
    0    253     57      -    100     32      0      0      0      0  10501   1140  25798      5      0 
    1    226     61      -    100     33      0      0      0      0  10501   1320  25654      5      0 
    0    248     58      -    100     29      0      0      0      0  10501   1080  25798      5      0 
    1    226     66      -     26     14      0      0      0      0  10501   1065  25654      5      0 
    0    248     58      -    100     27      0      0      0      0  10501   1140  25798      5      0 
    1    233     61      -    100     31      0      0      0      0  10501   1335  25654      5      0 
    0    248     59      -    100     27      0      0      0      0  10501   1020  25798      5      0 
    1    227     61      -     15      5      0      0      0      0  10501   1320  25654      5      0 
    0    250     58      -     69     25      0      0      0      0  10501   1140  25798      5      0 
    1    234     62      -    100     32      0      0      0      0  10501   1350  25654      5      0 
    0    250     58      -    100     26      0      0      0      0  10501   1170  25798      5      0 
    1    236     58      -    100     31      0      0      0      0  10501   2655  25654      5      0 
    0    249     58      -     81     21      0      0      0      0  10501   1125  25798      5      0 
    1    217     63      -     40     12      0      0      0      0  10501   1290  25654      5      0 
    0    248     59      -     98     31      0      0      0      0  10501   1185  25798      5      0 
    1    220     61      -     37     16      0      0      0      0  10501   1350  25654      5      0 
    0    250     59      -    100     25      0      0      0      0  10501   1200  25798      5      0 
    1    232     62      -    100     28      0      0      0      0  10501   1350  25654      5      0 
    0    250     59      -    100     24      0      0      0      0  10501   1110  25798      5      0 
    1    235     61      -    100     29      0      0      0      0  10501   1800  25654      5      0 
    0    249     59      -    100     23      0      0      0      0  10501   1215  25798      5      0 
    1    236     57      -    100     29      0      0      0      0  10501   2490  25654      5      0 
    0    245     59      -     82     18      0      0      0      0  10501   2220  25798      5      0 
    1    234     57      -     89     27      0      0      0      0  10501   2700  25654      5      0 
    0    243     59      -     67     14      0      0      0      0  10501   2445  25798      5      0 
    1    233     57      -     82     22      0      0      0      0  10501   2700  25654      5      0 
    0    201     58      -     75     16      0      0      0      0  10501   1260  25798      5      0 
    1    203     62      -      0      0      0      0      0      0  10501   1290  25654      5      0 
    0    254     59      -    100     31      0      0      0      0  10501   1035  25798      5      0 
    1    235     63      -     19     10      0      0      0      0  10501   1320  25654      5      0 
    0    250     59      -    100     29      0      0      0      0  10501   1065  25798      5      0 
    1    235     62      -    100     32      0      0      0      0  10501   1335  25654      5      0 
# gpu    pwr  gtemp  mtemp     sm    mem    enc    dec    jpg    ofa   mclk   pclk     fb   bar1   ccpm 
# Idx      W      C      C      %      %      %      %      %      %    MHz    MHz     MB     MB     MB 
    0    248     60      -     75     26      0      0      0      0  10501   1110  25798      5      0 
    1    226     63      -      7      3      0      0      0      0  10501   1350  25654      5      0 
    0    252     59      -    100     28      0      0      0      0  10501   1125  25798      5      0 
    1    242     62      -    100     31      0      0      0      0  10501   1320  25654      5      0 
    0    245     59      -    100     27      0      0      0      0  10501   2010  25798      5      0 
    1    224     59      -     85     28      0      0      0      0  10501   2520  25654      5      0 
    0    248     59      -     80     26      0      0      0      0  10501   1125  25798      5      0 
    1    221     63      -     36     16      0      0      0      0  10501   1320  25654      5      0 
    0    249     60      -    100     26      0      0      0      0  10501   1110  25798      5      0 
    1    249     62      -    100     28      0      0      0      0  10501   1350  25654      5      0 
    0    251     59      -    100     25      0      0      0      0  10501   1110  25798      5      0 
    1    235     60      -    100     29      0      0      0      0  10501   1320  25654      5      0 
    0    248     60      -    100     25      0      0      0      0  10501   2295  25798      5      0 
    1    230     57      -    100     30      0      0      0      0  10501   2580  25654      5      0 
    0    245     60      -     69     23      0      0      0      0  10501   1155  25798      5      0 
    1    220     56      -     48     14      0      0      0      0  10501   2565  25654      5      0 
    0    248     60      -     80     25      0      0      0      0  10501   1200  25798      5      0 
    1    217     62      -     22      6      0      0      0      0  10501   2520  25654      5      0 
    0    250     60      -     95     30      0      0      0      0  10501   1230  25798      5      0 
    1    213     64      -      0      0      0      0      0      0  10501   2130  25654      5      0 
    0    249     60      -     93     30      0      0      0      0  10501   1230  25798      5      0 
    1    235     63      -     96     31      0      0      0      0  10501   1335  25654      5      0 
    0    208     60      -    100     32      0      0      0      0  10501   1230  25798      5      0 
    1    221     56      -     88     36      0      0      0      0  10501   2715  25654      5      0 
    0    253     59      -    100     26      0      0      0      0  10501   1110  25798      5      0 
    1    214     62      -     42     21      0      0      0      0  10501   1335  25654      5      0 
    0    251     56      -    100     26      0      0      0      0  10501   1125  25798      5      0 
    1    231     59      -    100     33      0      0      0      0  10501   2490  25654      5      0 
    0    248     60      -    100     26      0      0      0      0  10501   1110  25798      5      0 
    1    221     62      -     54     23      0      0      0      0  10501   1335  25654      5      0 
    0    249     60      -    100     26      0      0      0      0  10501   1140  25798      5      0 
    1    244     62      -    100     31      0      0      0      0  10501   2085  25654      5      0 
    0    248     60      -    100     26      0      0      0      0  10501   1140  25798      5      0 
    1    220     57      -     43     14      0      0      0      0  10501   2715  25654      5      0 
    0    250     60      -    100     25      0      0      0      0  10501   1155  25798      5      0 
    1    232     63      -     93     33      0      0      0      0  10501   1350  25654      5      0 
    0    250     60      -    100     25      0      0      0      0  10501   1920  25798      5      0 
    1    238     62      -    100     29      0      0      0      0  10501   1335  25654      5      0 
    0    244     61      -     67     16      0      0      0      0  10501   1200  25798      5      0 
    1    230     62      -    100     31      0      0      0      0  10501   2430  25654      5      0 
    0    248     60      -     94     29      0      0      0      0  10501   1170  25798      5      0 
    1    223     58      -     11      5      0      0      0      0  10501   2625  25654      5      0 
    0    249     60      -    100     25      0      0      0      0  10501   1170  25798      5      0 
    1    224     57      -     22     10      0      0      0      0  10501   1275  25654      5      0 
# gpu    pwr  gtemp  mtemp     sm    mem    enc    dec    jpg    ofa   mclk   pclk     fb   bar1   ccpm 
# Idx      W      C      C      %      %      %      %      %      %    MHz    MHz     MB     MB     MB 
    0    250     60      -    100     24      0      0      0      0  10501   1110  25798      5      0 
    1    233     64      -     65     25      0      0      0      0  10501   1350  25654      5      0 
    0    250     60      -    100     23      0      0      0      0  10501   1080  25798      5      0 
    1    245     62      -     98     31      0      0      0      0  10501   1365  25654      5      0 
    0    248     60      -    100     22      0      0      0      0  10501   1080  25798      5      0 
    1    236     62      -    100     27      0      0      0      0  10501   1335  25654      5      0 
    0    200     54      -      0      0      0      0      0      0  10501   2730  28550      5      0 
    1    231     62      -    100     27      0      0      0      0  10501   1350  28196      5      0 
    0    243     60      -    100     26      0      0      0      0  10501   1050  28550      5      0 
    1    185     58      -      0      0      0      0      0      0  10501   2715  28214      5      0 
    0    254     60      -     76     30      0      0      0      0  10501   1035  28550      5      0 
    1    228     62      -    100     37      0      0      0      0  10501   1290  28214      5      0 
    0    249     60      -    100     28      0      0      0      0  10501   1125  28550      5      0 
    1    238     68      -     50     17      0      0      0      0  10501   2715  28214      5      0 
    0    245     59      -     74     20      0      0      0      0  10501   1125  28550      5      0 
    1    240     62      -    100     32      0      0      0      0  10501   1305  28214      5      0 
    0    247     60      -    100     25      0      0      0      0  10501   1095  28550      5      0 
    1    229     57      -      0      0      0      0      0      0  10501   2715  28214      5      0 
    0    250     60      -    100     25      0      0      0      0  10501   1110  28550      5      0 
    1    236     62      -     89     33      0      0      0      0  10501   1350  28214      5      0 
    0    254     56      -    100     24      0      0      0      0  10501   1650  28550      5      0 
    1    241     62      -    100     25      0      0      0      0  10501   1305  28214      5      0 
    0    246     60      -     71     24      0      0      0      0  10501   1095  28550      5      0 
    1    232     62      -     82     25      0      0      0      0  10501   2145  28214      5      0 
    0    247     60      -    100     27      0      0      0      0  10501   1140  28550      5      0 
    1    226     57      -      0      0      0      0      0      0  10501   2415  28214      5      0 
    0    249     60      -    100     25      0      0      0      0  10501   1125  28550      5      0 
    1    232     64      -     59     28      0      0      0      0  10501   1260  28214      5      0 
    0    250     60      -    100     25      0      0      0      0  10501   1140  28550      5      0 
    1    235     62      -    100     30      0      0      0      0  10501   1335  28214      5      0 
    0    250     60      -    100     24      0      0      0      0  10501   1110  28550      5      0 
    1    236     62      -    100     27      0      0      0      0  10501   1350  28214      5      0 
    0    250     60      -    100     24      0      0      0      0  10501   1110  28550      5      0 
    1    229     62      -    100     27      0      0      0      0  10501   1350  28214      5      0 
    0    256     60      -    100     20      0      0      0      0  10501   1080  28550      5      0 
    1    228     62      -    100     26      0      0      0      0  10501   1350  28214      5      0 
    0    240     60      -    100     25      0      0      0      0  10501   1275  28550      5      0 
    1    230     64      -    100     32      0      0      0      0  10501   1350  28214      5      0 
    0    254     60      -    100     21      0      0      0      0  10501   1065  28550      5      0 
    1    240     63      -    100     32      0      0      0      0  10501   1335  28214      5      0 
    0    247     60      -    100     25      0      0      0      0  10501   1110  28550      5      0 
    1    223     64      -      0      0      0      0      0      0  10501   1275  28214      5      0 
    0    251     65      -     65     22      0      0      0      0  10501   1005  28550      5      0 
    1    229     57      -     65     16      0      0      0      0  10501   2715  28214      5      0 
# gpu    pwr  gtemp  mtemp     sm    mem    enc    dec    jpg    ofa   mclk   pclk     fb   bar1   ccpm 
# Idx      W      C      C      %      %      %      %      %      %    MHz    MHz     MB     MB     MB 
    0    251     62      -     76     17      0      0      0      0  10501   1215  28550      5      0 
    1    235     60      -    100     27      0      0      0      0  10501   2505  28214      5      0 
    0    249     60      -    100     22      0      0      0      0  10501   1230  28550      5      0 
    1    240     63      -    100     25      0      0      0      0  10501   1155  28214      5      0 
    0    249     60      -    100     23      0      0      0      0  10501   1185  28550      5      0 
    1    232     63      -    100     26      0      0      0      0  10501   1365  28214      5      0 
    0    249     61      -    100     23      0      0      0      0  10501   1230  28550      5      0 
    1    229     66      -     35     14      0      0      0      0  10501   1305  28214      5      0 
    0    252     60      -    100     22      0      0      0      0  10501   1200  28550      5      0 
    1    243     57      -     77     21      0      0      0      0  10501   2715  28214      5      0 
    0    247     62      -     61     17      0      0      0      0  10501   1110  28550      5      0 
    1    235     62      -    100     24      0      0      0      0  10501   1320  28214      5      0 
    0    250     60      -    100     22      0      0      0      0  10501   1200  28550      5      0 
    1    231     63      -    100     24      0      0      0      0  10501   1365  28214      5      0 
    0    252     60      -    100     19      0      0      0      0  10501   1065  28550      5      0 
    1    218     64      -      0      0      0      0      0      0  10501   2520  28214      5      0 
    0    247     61      -     86     27      0      0      0      0  10501   2640  28550      5      0 
    1    234     63      -    100     24      0      0      0      0  10501   1320  28214      5      0 
    0    244     60      -    100     21      0      0      0      0  10501   1245  28550      5      0 
    1    228     63      -    100     26      0      0      0      0  10501   1350  28214      5      0 
    0    244     60      -    100     21      0      0      0      0  10501   1275  28550      5      0 
    1    221     57      -     14      3      0      0      0      0  10501   2520  28214      5      0 
    0    255     60      -     53     11      0      0      0      0  10501   1155  28550      5      0 
    1    232     62      -    100     22      0      0      0      0  10501   1125  28214      5      0 
    0    249     60      -    100     19      0      0      0      0  10501   1095  28550      5      0 
    1    232     63      -     74     27      0      0      0      0  10501   1350  28214      5      0 
    0    242     55      -    100     23      0      0      0      0  10501   2595  28550      5      0 
    1    259     60      -    100     25      0      0      0      0  10501   2490  28214      5      0 
    0    195     60      -     50     26      0      0      0      0  10501   1245  28550      5      0 
    1    185     63      -      0      0      0      0      0      0  10501   2520  28214      5      0 
    0    250     60      -    100     26      0      0      0      0  10501   1125  28550      5      0 
    1    229     63      -    100     33      0      0      0      0  10501   1785  28214      5      0 
    0    249     60      -    100     26      0      0      0      0  10501   1215  28550      5      0 
    1    234     62      -     47     23      0      0      0      0  10501   1320  28214      5      0 
    0    248     60      -     93     24      0      0      0      0  10501   1245  28550      5      0 
    1    244     60      -    100     33      0      0      0      0  10501   1335  28214      5      0 
    0    250     60      -    100     26      0      0      0      0  10501   1230  28550      5      0 
    1    220     63      -      0      0      0      0      0      0  10501   1245  28214      5      0 
    0    247     60      -    100     25      0      0      0      0  10501   1170  28550      5      0 
    1    250     63      -    100     30      0      0      0      0  10501   1275  28214      5      0 
    0    245     60      -     97     31      0      0      0      0  10501   1260  28550      5      0 
    1    235     57      -     43     13      0      0      0      0  10501   2730  28214      5      0 
    0    252     60      -    100     24      0      0      0      0  10501   1230  28550      5      0 
    1    233     63      -     42     18      0      0      0      0  10501   1320  28214      5      0 
# gpu    pwr  gtemp  mtemp     sm    mem    enc    dec    jpg    ofa   mclk   pclk     fb   bar1   ccpm 
# Idx      W      C      C      %      %      %      %      %      %    MHz    MHz     MB     MB     MB 
    0    248     60      -    100     25      0      0      0      0  10501   1065  28550      5      0 
    1    241     62      -    100     27      0      0      0      0  10501   1320  28214      5      0 
    0    248     56      -     70     21      0      0      0      0  10501   1185  28550      5      0 
    1    245     63      -    100     27      0      0      0      0  10501   1305  28214      5      0 
    0    248     61      -     92     30      0      0      0      0  10501   1200  28550      5      0 
    1    250     63      -    100     29      0      0      0      0  10501   2295  28214      5      0 
    0    256     60      -    100     27      0      0      0      0  10501   1185  28550      5      0 
    1    235     60      -    100     29      0      0      0      0  10501   2355  28214      5      0 
    0    250     60      -    100     23      0      0      0      0  10501   1200  28550      5      0 
    1    245     58      -     99     28      0      0      0      0  10501   2685  28214      5      0 
    0    252     60      -    100     24      0      0      0      0  10501   1230  28550      5      0 
    1    238     58      -     91     24      0      0      0      0  10501   2715  28214      5      0 
    0    249     60      -    100     23      0      0      0      0  10501   1185  28550      5      0 
    1    239     58      -     96     26      0      0      0      0  10501   2715  28214      5      0 
    0    253     60      -    100     25      0      0      0      0  10501   1095  28550      5      0 
    1    240     57      -     86     22      0      0      0      0  10501   2670  28214      5      0 
    0    242     60      -    100     22      0      0      0      0  10501   1275  28550      5      0 
    1    238     62      -    100     27      0      0      0      0  10501   1710  28214      5      0 
    0    249     56      -    100     30      0      0      0      0  10501   1935  28550      5      0 
    1    238     63      -    100     26      0      0      0      0  10501   1320  28214      5      0 
    0    246     59      -     57     17      0      0      0      0  10501   1995  28550      5      0 
    1    237     63      -    100     26      0      0      0      0  10501   1230  28214      5      0 
    0    248     59      -    100     22      0      0      0      0  10501   1140  28550      5      0 
    1    237     63      -    100     26      0      0      0      0  10501   1350  28214      5      0 
    0    249     60      -    100     22      0      0      0      0  10501   1080  28550      5      0 
    1    241     62      -    100     25      0      0      0      0  10501   1320  28214      5      0 
    0    251     60      -    100     22      0      0      0      0  10501   1155  28550      5      0 
    1    240     57      -     16      6      0      0      0      0  10501   2715  28214      5      0 
    0    253     60      -    100     22      0      0      0      0  10501   1110  28550      5      0 
    1    237     62      -     93     23      0      0      0      0  10501   1230  28214      5      0 
    0    245     57      -    100     28      0      0      0      0  10501   2055  28550      5      0 
    1    237     63      -    100     23      0      0      0      0  10501   1155  28214      5      0 
    0    247     60      -    100     21      0      0      0      0  10501   1290  28550      5      0 
    1    232     62      -    100     23      0      0      0      0  10501   1335  28214      5      0 
    0    249     60      -    100     19      0      0      0      0  10501   1050  28550      5      0 
    1    248     58      -     10      3      0      0      0      0  10501   2430  28214      5      0 
    0    248     55      -    100     25      0      0      0      0  10501   2025  28550      5      0 
    1    233     62      -    100     22      0      0      0      0  10501   1155  28214      5      0 
    0    247     59      -     60     16      0      0      0      0  10501   1170  28550      5      0 
    1    230     63      -    100     24      0      0      0      0  10501   1290  28214      5      0 
    0    249     59      -    100     19      0      0      0      0  10501   1110  28550      5      0 
    1    243     62      -     24      6      0      0      0      0  10501   1245  28214      5      0 
    0    245     56      -    100     22      0      0      0      0  10501   1230  28550      5      0 
    1    229     63      -    100     21      0      0      0      0  10501   1185  28214      5      0 
# gpu    pwr  gtemp  mtemp     sm    mem    enc    dec    jpg    ofa   mclk   pclk     fb   bar1   ccpm 
# Idx      W      C      C      %      %      %      %      %      %    MHz    MHz     MB     MB     MB 
    0    249     59      -     95     20      0      0      0      0  10501   1170  28550      5      0 
    1    241     57      -     68     21      0      0      0      0  10501   2730  28214      5      0 
    0    248     60      -    100     20      0      0      0      0  10501   1215  28550      5      0 
    1    235     62      -    100     24      0      0      0      0  10501   1170  28214      5      0 
    0    180     59      -      0      0      0      0      0      0  10501   1200  28550      5      0 
    1    206     56      -    100     22      0      0      0      0  10501   2520  28214      5      0 
    0    266     59      -    100     31      0      0      0      0  10501   1890  28550      5      0 
    1    234     62      -    100     36      0      0      0      0  10501   1110  28214      5      0 
    0    249     59      -    100     31      0      0      0      0  10501   1050  28550      5      0 
    1    227     57      -     87     30      0      0      0      0  10501   2730  28214      5      0 
    0    245     59      -    100     28      0      0      0      0  10501   2025  28550      5      0 
    1    235     62      -    100     35      0      0      0      0  10501   1305  28214      5      0 
    0    248     59      -     86     29      0      0      0      0  10501   1125  28550      5      0 
    1    235     62      -    100     32      0      0      0      0  10501   2625  28214      5      0 
    0    251     59      -    100     26      0      0      0      0  10501   1110  28550      5      0 
    1    238     62      -    100     37      0      0      0      0  10501   1320  28214      5      0 
    0    245     59      -    100     25      0      0      0      0  10501   1980  28550      5      0 
    1    241     62      -    100     30      0      0      0      0  10501   1320  28214      5      0 
    0    245     59      -     82     26      0      0      0      0  10501   1245  28550      5      0 
    1    228     58      -     61     20      0      0      0      0  10501   2520  28214      5      0 
    0    253     59      -    100     25      0      0      0      0  10501   1155  28550      5      0 
    1    228     58      -     18      8      0      0      0      0  10501   1110  28214      5      0 
    0    251     59      -    100     23      0      0      0      0  10501   1065  28550      5      0 
    1    246     62      -    100     29      0      0      0      0  10501   1320  28214      5      0 
    0    249     59      -    100     27      0      0      0      0  10501   1965  28550      5      0 
    1    243     62      -    100     28      0      0      0      0  10501   1305  28214      5      0 
    0    249     58      -    100     24      0      0      0      0  10501   1725  28550      5      0 
    1    241     62      -    100     27      0      0      0      0  10501   1305  28214      5      0 
    0    249     56      -    100     23      0      0      0      0  10501   1125  28550      5      0 
    1    236     62      -    100     27      0      0      0      0  10501   1305  28214      5      0 
    0    249     60      -    100     22      0      0      0      0  10501   1140  28550      5      0 
    1    244     62      -    100     27      0      0      0      0  10501   1305  28214      5      0 
    0    248     60      -     67     22      0      0      0      0  10501   1200  28550      5      0 
    1    242     62      -    100     28      0      0      0      0  10501   1305  28214      5      0 
    0    246     60      -     65     22      0      0      0      0  10501   1185  28550      5      0 
    1    237     63      -    100     28      0      0      0      0  10501   1155  28214      5      0 
    0    241     63      -     66     15      0      0      0      0  10501    990  28550      5      0 
    1    242     63      -    100     27      0      0      0      0  10501   1320  28214      5      0 
    0    247     56      -     80     17      0      0      0      0  10501   2430  28550      5      0 
    1    238     62      -    100     27      0      0      0      0  10501   1335  28214      5      0 
    0    247     60      -    100     21      0      0      0      0  10501   1230  28550      5      0 
    1    237     62      -    100     26      0      0      0      0  10501   1335  28214      5      0 
    0    246     59      -    100     22      0      0      0      0  10501   1125  28550      5      0 
    1    236     63      -    100     27      0      0      0      0  10501   1305  28214      5      0 
# gpu    pwr  gtemp  mtemp     sm    mem    enc    dec    jpg    ofa   mclk   pclk     fb   bar1   ccpm 
# Idx      W      C      C      %      %      %      %      %      %    MHz    MHz     MB     MB     MB 
    0    248     59      -    100     22      0      0      0      0  10501   1080  28550      5      0 
    1    242     58      -     39     15      0      0      0      0  10501   2715  28214      5      0 
    0    248     59      -    100     22      0      0      0      0  10501   1170  28550      5      0 
    1    239     62      -     66     17      0      0      0      0  10501   1200  28214      5      0 
    0    245     58      -     56     16      0      0      0      0  10501   1140  28550      5      0 
    1    234     62      -    100     24      0      0      0      0  10501   1140  28214      5      0 
    0    249     59      -    100     21      0      0      0      0  10501   1170  28550      5      0 
    1    233     63      -    100     25      0      0      0      0  10501   1350  28214      5      0 
    0    249     59      -    100     21      0      0      0      0  10501   1095  28550      5      0 
    1    233     57      -     85     26      0      0      0      0  10501   2715  28214      5      0 
    0    249     60      -    100     23      0      0      0      0  10501   1170  28550      5      0 
    1    242     62      -     34      7      0      0      0      0  10501   1305  28214      5      0 
    0    255     56      -    100     19      0      0      0      0  10501   1110  28550      5      0 
    1    241     62      -    100     21      0      0      0      0  10501   1350  28214      5      0 
    0    247     59      -    100     20      0      0      0      0  10501   1095  28550      5      0 
    1    241     58      -     13      4      0      0      0      0  10501   2355  28214      5      0 
    0    243     60      -    100     25      0      0      0      0  10501   1185  28550      5      0 
    1    229     63      -    100     22      0      0      0      0  10501   1140  28214      5      0 
    0    253     59      -    100     19      0      0      0      0  10501   1125  28550      5      0 
    1    229     63      -     78     22      0      0      0      0  10501   1290  28214      5      0 
    0    251     59      -    100     19      0      0      0      0  10501   1095  28550      5      0 
    1    254     62      -    100     22      0      0      0      0  10501   1125  28214      5      0 
    0    244     61      -     74     15      0      0      0      0  10501   1275  28550      5      0 
    1    240     62      -    100     24      0      0      0      0  10501   1350  28214      5      0 
    0    196     53      -      0      0      0      0      0      0  10501   2730  28550      5      0 
    1    240     63      -     54     15      0      0      0      0  10501   1890  28214      5      0 
    0    234     59      -    100     26      0      0      0      0  10501   1035  28550      5      0 
    1    199     59      -     28      9      0      0      0      0  10501   2700  28214      5      0 
    0    249     60      -     95     26      0      0      0      0  10501   1140  28550      5      0 
    1    230     62      -    100     31      0      0      0      0  10501   1335  28214      5      0 
    0    248     59      -    100     27      0      0      0      0  10501   1110  28550      5      0 
    1    229     57      -     45     15      0      0      0      0  10501   2715  28214      5      0 
    0    246     59      -     74     22      0      0      0      0  10501   1110  28550      5      0 
    1    231     62      -    100     32      0      0      0      0  10501   1350  28214      5      0 
    0    247     59      -    100     26      0      0      0      0  10501   1125  28550      5      0 
    1    242     62      -    100     31      0      0      0      0  10501   1290  28214      5      0 
    0    249     59      -    100     26      0      0      0      0  10501   1125  28550      5      0 
    1    231     62      -     14      4      0      0      0      0  10501   2715  28214      5      0 
    0    244     60      -     72     18      0      0      0      0  10501   2265  28550      5      0 
    1    228     62      -     90     32      0      0      0      0  10501   1335  28214      5      0 
    0    253     59      -    100     26      0      0      0      0  10501   1170  28550      5      0 
    1    243     62      -    100     30      0      0      0      0  10501   1305  28214      5      0 
    0    249     60      -    100     25      0      0      0      0  10501   1200  28550      5      0 
    1    237     57      -     76     23      0      0      0      0  10501   2610  28214      5      0 
# gpu    pwr  gtemp  mtemp     sm    mem    enc    dec    jpg    ofa   mclk   pclk     fb   bar1   ccpm 
# Idx      W      C      C      %      %      %      %      %      %    MHz    MHz     MB     MB     MB 
    0    250     60      -    100     24      0      0      0      0  10501   1155  28550      5      0 
    1    227     60      -     12      3      0      0      0      0  10501   2520  28214      5      0 
    0    250     59      -    100     22      0      0      0      0  10501   1080  28550      5      0 
    1    225     62      -     15      6      0      0      0      0  10501   1260  28214      5      0 
    0    247     59      -    100     22      0      0      0      0  10501   1080  28550      5      0 
    1    232     62      -     52     20      0      0      0      0  10501   1320  28214      5      0 
    0    242     55      -    100     22      0      0      0      0  10501   1290  28550      5      0 
    1    234     62      -    100     27      0      0      0      0  10501   1350  28214      5      0 
    0    250     55      -    100     22      0      0      0      0  10501   1035  28550      5      0 
    1    238     62      -    100     26      0      0      0      0  10501   1335  28214      5      0 
    0    242     59      -     66     19      0      0      0      0  10501   2445  28550      5      0 
    1    234     62      -    100     28      0      0      0      0  10501   1380  28214      5      0 
    0    248     59      -    100     22      0      0      0      0  10501   1140  28550      5      0 
    1    244     56      -     61     26      0      0      0      0  10501   1245  28214      5      0 
    0    249     59      -    100     22      0      0      0      0  10501   1065  28550      5      0 
    1    235     57      -     10      3      0      0      0      0  10501   2730  28214      5      0 
    0    248     59      -    100     22      0      0      0      0  10501   1260  28550      5      0 
    1    249     56      -     52     23      0      0      0      0  10501   2715  28214      5      0 
    0    247     59      -    100     23      0      0      0      0  10501   1185  28550      5      0 
    1    238     58      -      3      0      0      0      0      0  10501   2520  28214      5      0 
    0    247     60      -    100     24      0      0      0      0  10501   1275  28550      5      0 
    1    236     62      -     97     24      0      0      0      0  10501   1710  28214      5      0 
    0    248     59      -     67     16      0      0      0      0  10501   1185  28550      5      0 
    1    238     62      -    100     26      0      0      0      0  10501   1365  28214      5      0 
    0    246     59      -    100     20      0      0      0      0  10501   1155  28550      5      0 
    1    214     63      -    100     28      0      0      0      0  10501   1320  28214      5      0 
    0    249     59      -    100     20      0      0      0      0  10501   1110  28550      5      0 
    1    243     59      -     30      8      0      0      0      0  10501   2670  28214      5      0 
    0    248     59      -    100     22      0      0      0      0  10501   1140  28550      5      0 
    1    229     62      -    100     24      0      0      0      0  10501   1275  28214      5      0 
    0    250     56      -    100     21      0      0      0      0  10501   2490  28550      5      0 
    1    229     62      -    100     24      0      0      0      0  10501   1380  28214      5      0 
    0    249     59      -    100     22      0      0      0      0  10501   1290  28550      5      0 
    1    239     64      -     31      6      0      0      0      0  10501   2400  28214      5      0 
    0    249     60      -    100     22      0      0      0      0  10501   1080  28550      5      0 
    1    243     62      -    100     23      0      0      0      0  10501   1320  28214      5      0 
    0    249     55      -     57     14      0      0      0      0  10501   1095  28550      5      0 
    1    232     62      -    100     23      0      0      0      0  10501   1350  28214      5      0 
    0    246     59      -    100     19      0      0      0      0  10501   1080  28550      5      0 
    1    243     57      -     65     15      0      0      0      0  10501   2490  28214      5      0 
    0    245     57      -    100     22      0      0      0      0  10501   1185  28550      5      0 
    1    235     62      -    100     23      0      0      0      0  10501   1155  28214      5      0 
    0    248     59      -    100     21      0      0      0      0  10501   1230  28550      5      0 
    1    227     63      -     12      4      0      0      0      0  10501   1275  28214      5      0 
# gpu    pwr  gtemp  mtemp     sm    mem    enc    dec    jpg    ofa   mclk   pclk     fb   bar1   ccpm 
# Idx      W      C      C      %      %      %      %      %      %    MHz    MHz     MB     MB     MB 
    0    221     54      -    100     19      0      0      0      0  10501   2520  28550      5      0 
    1    240     62      -    100     23      0      0      0      0  10501   1320  28214      5      0 
    0    153     56      -     78     35      0      0      0      0  10501   1770  22848      5      0 
    1    220     57      -     74     48      0      0      0      0  10501   2715  22842      5      0 
    0    216     56      -     49     56      0      0      0      0  10501   2670  22848      5      0 
    1    212     59      -     51     58      0      0      0      0  10501   2460  22842      5      0 
    0    220     58      -     51     58      0      0      0      0  10501   2460  22848      5      0 
    1    212     58      -     50     58      0      0      0      0  10501   2370  22842      5      0 
    0    216     55      -     49     56      0      0      0      0  10501   2370  22848      5      0 
    1    212     58      -     49     56      0      0      0      0  10501   2535  22842      5      0 
    0    218     56      -     49     56      0      0      0      0  10501   2340  22848      5      0 
    1    216     60      -     51     58      0      0      0      0  10501   2385  22842      5      0 
    0    219     56      -     51     58      0      0      0      0  10501   2310  22848      5      0 
    1    214     57      -     49     56      0      0      0      0  10501   2490  22842      5      0 
    0    215     55      -     49     56      0      0      0      0  10501   2475  22848      5      0 
    1    216     58      -     51     58      0      0      0      0  10501   2385  22842      5      0 
    0    218     57      -     51     58      0      0      0      0  10501   2130  22848      5      0 
    1    213     59      -     51     58      0      0      0      0  10501   1860  22842      5      0 
    0    216     55      -     51     58      0      0      0      0  10501   2565  22848      5      0 
    1    211     57      -     49     56      0      0      0      0  10501   1815  22842      5      0 
    0    218     55      -     49     56      0      0      0      0  10501   2325  22848      5      0 
    1    216     60      -     51     58      0      0      0      0  10501   1950  22842      5      0 
    0    220     57      -     51     58      0      0      0      0  10501   2490  22848      5      0 
    1    212     57      -     49     56      0      0      0      0  10501   2700  22842      5      0 
    0    216     54      -     49     56      0      0      0      0  10501   2355  22848      5      0 
    1    213     58      -     49     56      0      0      0      0  10501   2445  22842      5      0 
    0    218     56      -     49     56      0      0      0      0  10501   2445  22848      5      0 
    1    215     59      -     51     58      0      0      0      0  10501   2610  22842      5      0 
    0    218     56      -     51     58      0      0      0      0  10501   2340  22848      5      0 
    1    211     57      -     49     56      0      0      0      0  10501   2370  22842      5      0 
    0    215     55      -     49     56      0      0      0      0  10501   1800  22848      5      0 
    1    216     59      -     51     58      0      0      0      0  10501   1875  22842      5      0 
    0    219     57      -     51     58      0      0      0      0  10501   2265  22848      5      0 
    1    216     59      -     51     58      0      0      0      0  10501   2475  22842      5      0 
    0    217     55      -     51     58      0      0      0      0  10501   2430  22848      5      0 
    1    212     57      -     49     56      0      0      0      0  10501   1860  22842      5      0 
    0    216     55      -     49     56      0      0      0      0  10501   2085  22848      5      0 
    1    216     59      -     51     58      0      0      0      0  10501   2715  22842      5      0 
    0    219     56      -     51     58      0      0      0      0  10501   2550  22848      5      0 
    1    212     56      -     49     56      0      0      0      0  10501   2715  22842      5      0 
    0    214     56      -     49     56      0      0      0      0  10501   2040  23106      5      0 
    1    212     57      -     49     56      0      0      0      0  10501   2505  23164      5      0 
    0    215     54      -     49     56      0      0      0      0  10501   2655  23106      5      0 
    1    211     57      -     49     56      0      0      0      0  10501   2715  23164      5      0 
# gpu    pwr  gtemp  mtemp     sm    mem    enc    dec    jpg    ofa   mclk   pclk     fb   bar1   ccpm 
# Idx      W      C      C      %      %      %      %      %      %    MHz    MHz     MB     MB     MB 
    0    217     56      -     50     57      0      0      0      0  10501   2445  23106      5      0 
    1    216     59      -     51     58      0      0      0      0  10501   2505  23164      5      0 
    0    217     55      -     51     58      0      0      0      0  10501   2445  23106      5      0 
    1    212     57      -     49     56      0      0      0      0  10501   2040  23164      5      0 
    0    215     54      -     49     56      0      0      0      0  10501   2355  23106      5      0 
    1    215     59      -     50     58      0      0      0      0  10501   2415  23164      5      0 
    0    220     57      -     51     58      0      0      0      0  10501   1800  23106      5      0 
    1    212     57      -     51     58      0      0      0      0  10501   1875  23164      5      0 
    0    216     54      -     49     57      0      0      0      0  10501   2685  23106      5      0 
    1    212     57      -     49     56      0      0      0      0  10501   2715  23164      5      0 
    0    217     55      -     49     56      0      0      0      0  10501   2400  23106      5      0 
    1    216     59      -     50     58      0      0      0      0  10501   2505  23164      5      0 
    0    218     56      -     51     58      0      0      0      0  10501   2160  23106      5      0 
    1    213     57      -     49     56      0      0      0      0  10501   2535  23164      5      0 
    0    216     54      -     49     56      0      0      0      0  10501   2520  23106      5      0 
    1    211     57      -     49     56      0      0      0      0  10501   2385  23164      5      0 
    0    218     56      -     51     58      0      0      0      0  10501   2610  23106      5      0 
    1    216     59      -     51     58      0      0      0      0  10501   2535  23164      5      0 
    0    217     55      -     51     58      0      0      0      0  10501   2430  23106      5      0 
    1    211     56      -     49     56      0      0      0      0  10501   2235  23164      5      0 
    0    214     54      -     49     56      0      0      0      0  10501   2415  23106      5      0 
    1    216     59      -     51     58      0      0      0      0  10501   2580  23164      5      0 
    0    218     56      -     51     58      0      0      0      0  10501   2340  23106      5      0 
    1    211     56      -     51     58      0      0      0      0  10501   2520  23164      5      0 
    0    214     54      -     49     56      0      0      0      0  10501   1830  23106      5      0 
    1    210     57      -     48     56      0      0      0      0  10501   2385  23164      5      0 
    0    219     56      -     51     59      0      0      0      0  10501   2685  23106      5      0 
    1    213     57      -     51     58      0      0      0      0  10501   2310  23164      5      0 
    0    215     53      -     49     56      0      0      0      0  10501   2280  23106      5      0 
    1    213     58      -     48     55      0      0      0      0  10501   2715  23164      5      0 
    0    217     56      -     51     59      0      0      0      0  10501   1800  23106      5      0 
    1    215     59      -     51     58      0      0      0      0  10501   2385  23164      5      0 
    0    216     53      -     49     56      0      0      0      0  10501   1800  23106      5      0 
    1    212     58      -     49     56      0      0      0      0  10501   2220  23164      5      0 
    0    219     56      -     49     56      0      0      0      0  10501   2595  23106      5      0 
    1    214     57      -     51     58      0      0      0      0  10501   2385  23164      5      0 
    0    217     54      -     51     59      0      0      0      0  10501   1860  23106      5      0 
    1    211     57      -     49     56      0      0      0      0  10501   1860  23164      5      0 
    0    217     55      -     49     56      0      0      0      0  10501   2385  23106      5      0 
    1    214     58      -     51     58      0      0      0      0  10501   2640  23164      5      0 
    0    216     54      -     51     58      0      0      0      0  10501   2610  23106      5      0 
    1    210     56      -     48     56      0      0      0      0  10501   2430  23164      5      0 
    0    217     54      -     49     56      0      0      0      0  10501   2490  23106      5      0 
    1    214     58      -     51     59      0      0      0      0  10501   1890  23164      5      0 
# gpu    pwr  gtemp  mtemp     sm    mem    enc    dec    jpg    ofa   mclk   pclk     fb   bar1   ccpm 
# Idx      W      C      C      %      %      %      %      %      %    MHz    MHz     MB     MB     MB 
    0    217     55      -     51     58      0      0      0      0  10501   2640  23106      5      0 
    1    211     57      -     48     56      0      0      0      0  10501   2655  23164      5      0 
    0    216     54      -     49     56      0      0      0      0  10501   2070  23106      5      0 
    1    214     59      -     51     58      0      0      0      0  10501   2715  23164      5      0 
    0    218     55      -     51     59      0      0      0      0  10501   2670  23106      5      0 
    1    211     57      -     48     56      0      0      0      0  10501   2235  23164      5      0 
    0    215     54      -     49     56      0      0      0      0  10501   2445  23106      5      0 
    1    215     59      -     51     58      0      0      0      0  10501   2655  23164      5      0 
    0    220     56      -     51     58      0      0      0      0  10501   1785  23106      5      0 
    1    215     58      -     49     56      0      0      0      0  10501   2505  23164      5      0 
    0    216     53      -     49     56      0      0      0      0  10501   2670  23106      5      0 
    1    211     56      -     49     56      0      0      0      0  10501   2505  23164      5      0 
    0    218     56      -     49     57      0      0      0      0  10501   2430  23106      5      0 
    1    217     59      -     51     58      0      0      0      0  10501   2250  23164      5      0 
    0    217     55      -     51     58      0      0      0      0  10501   2670  23106      5      0 
    1    212     56      -     49     56      0      0      0      0  10501   2595  23164      5      0 
    0    216     54      -     49     56      0      0      0      0  10501   2445  23106      5      0 
    1    216     59      -     51     58      0      0      0      0  10501   2220  23164      5      0 
    0    220     56      -     51     58      0      0      0      0  10501   2475  23106      5      0 
    1    213     56      -     49     56      0      0      0      0  10501   2700  23164      5      0 
    0    216     53      -     49     56      0      0      0      0  10501   2355  23106      5      0 
    1    213     58      -     49     56      0      0      0      0  10501   2475  23164      5      0 
    0    218     55      -     49     57      0      0      0      0  10501   2415  23106      5      0 
    1    215     58      -     51     58      0      0      0      0  10501   2700  23164      5      0 
    0    217     55      -     51     58      0      0      0      0  10501   2475  23106      5      0 
    1    211     56      -     49     56      0      0      0      0  10501   2490  23164      5      0 
    0    215     54      -     49     56      0      0      0      0  10501   2355  23106      5      0 
    1    216     59      -     51     58      0      0      0      0  10501   2190  23164      5      0 
    0    219     56      -     51     58      0      0      0      0  10501   2430  23106      5      0 
    1    215     59      -     49     56      0      0      0      0  10501   2625  23164      5      0 
    0    215     53      -     46     53      0      0      0      0  10501   2400  23106      5      0 
    1    214     58      -     46     53      0      0      0      0  10501   2535  23164      5      0 
    0    218     56      -     51     59      0      0      0      0  10501   2355  23106      5      0 
    1    213     57      -     51     58      0      0      0      0  10501   2565  23164      5      0 
    0    215     53      -     49     56      0      0      0      0  10501   2355  23106      5      0 
    1    212     58      -     48     56      0      0      0      0  10501   2505  23164      5      0 
    0    218     56      -     51     58      0      0      0      0  10501   1935  23106      5      0 
    1    215     59      -     51     58      0      0      0      0  10501   2385  23164      5      0 
    0    215     53      -     50     57      0      0      0      0  10501   2700  23106      5      0 
    1    212     58      -     49     56      0      0      0      0  10501   2415  23164      5      0 
    0    217     56      -     49     56      0      0      0      0  10501   2400  23106      5      0 
    1    216     58      -     51     58      0      0      0      0  10501   2715  23164      5      0 
    0    216     54      -     51     59      0      0      0      0  10501   2235  23106      5      0 
    1    211     56      -     49     56      0      0      0      0  10501   2400  23164      5      0 
# gpu    pwr  gtemp  mtemp     sm    mem    enc    dec    jpg    ofa   mclk   pclk     fb   bar1   ccpm 
# Idx      W      C      C      %      %      %      %      %      %    MHz    MHz     MB     MB     MB 
    0    218     55      -     49     56      0      0      0      0  10501   2355  23106      5      0 
    1    216     58      -     51     58      0      0      0      0  10501   2430  23164      5      0 
    0    218     55      -     51     58      0      0      0      0  10501   1875  23106      5      0 
    1    210     57      -     48     56      0      0      0      0  10501   2370  23164      5      0 
    0    216     54      -     49     56      0      0      0      0  10501   2490  23106      5      0 
    1    215     59      -     51     58      0      0      0      0  10501   2385  23164      5      0 
    0    218     55      -     51     58      0      0      0      0  10501   2685  23106      5      0 
    1    212     57      -     48     56      0      0      0      0  10501   1920  23164      5      0 
    0    215     54      -     49     56      0      0      0      0  10501   2250  23106      5      0 
    1    212     58      -     51     58      0      0      0      0  10501   2310  23164      5      0 
    0    219     55      -     51     58      0      0      0      0  10501   2700  23106      5      0 
    1    213     58      -     48     56      0      0      0      0  10501   2385  23164      5      0 
    0    214     55      -     46     53      0      0      0      0  10501   2460  23106      5      0 
    1    211     57      -     51     58      0      0      0      0  10501   2220  23164      5      0 
    0    219     56      -     51     58      0      0      0      0  10501   2355  23106      5      0 
    1    211     57      -     49     56      0      0      0      0  10501   2520  23164      5      0 
    0    216     54      -     49     56      0      0      0      0  10501   1815  23106      5      0 
    1    213     58      -     49     56      0      0      0      0  10501   2265  23164      5      0 
    0    217     56      -     49     56      0      0      0      0  10501   2685  23106      5      0 
    1    215     58      -     51     58      0      0      0      0  10501   2595  23164      5      0 
    0    217     55      -     51     58      0      0      0      0  10501   2505  23106      5      0 
    1    211     56      -     48     56      0      0      0      0  10501   2535  23164      5      0 
    0    215     55      -     49     56      0      0      0      0  10501   2355  23106      5      0 
    1    214     58      -     51     58      0      0      0      0  10501   2565  23164      5      0 
    0    219     56      -     51     58      0      0      0      0  10501   1815  23106      5      0 
    1    214     58      -     49     56      0      0      0      0  10501   2145  23164      5      0 
    0    214     54      -     49     56      0      0      0      0  10501   2355  23106      5      0 
    1    210     57      -     49     56      0      0      0      0  10501   2670  23164      5      0 
    0    218     55      -     50     58      0      0      0      0  10501   2355  23106      5      0 
    1    215     58      -     51     58      0      0      0      0  10501   2520  23164      5      0 
    0    216     55      -     51     58      0      0      0      0  10501   1800  23106      5      0 
    1    211     57      -     49     56      0      0      0      0  10501   2235  23164      5      0 
    0    215     54      -     49     56      0      0      0      0  10501   2685  23106      5      0 
    1    216     59      -     51     58      0      0      0      0  10501   2610  23164      5      0 
    0    220     57      -     51     58      0      0      0      0  10501   1815  23106      5      0 
    1    211     57      -     49     56      0      0      0      0  10501   2235  23164      5      0 
    0    216     53      -     49     56      0      0      0      0  10501   2685  23106      5      0 
    1    212     57      -     49     56      0      0      0      0  10501   2610  23164      5      0 
    0    219     56      -     51     58      0      0      0      0  10501   2100  23106      5      0 
    1    214     58      -     51     58      0      0      0      0  10501   1890  23164      5      0 
    0    216     54      -     51     58      0      0      0      0  10501   2370  23106      5      0 
    1    210     56      -     49     56      0      0      0      0  10501   2520  23164      5      0 
    0    218     56      -     50     57      0      0      0      0  10501   2310  23106      5      0 
    1    214     58      -     51     58      0      0      0      0  10501   2520  23164      5      0 
# gpu    pwr  gtemp  mtemp     sm    mem    enc    dec    jpg    ofa   mclk   pclk     fb   bar1   ccpm 
# Idx      W      C      C      %      %      %      %      %      %    MHz    MHz     MB     MB     MB 
    0    216     54      -     51     58      0      0      0      0  10501   2235  23106      5      0 
    1    210     58      -     48     56      0      0      0      0  10501   2505  23164      5      0 
    0    217     55      -     49     56      0      0      0      0  10501   2355  23106      5      0 
    1    215     59      -     51     58      0      0      0      0  10501   2400  23164      5      0 
    0    218     55      -     51     58      0      0      0      0  10501   2520  23106      5      0 
    1    211     57      -     48     56      0      0      0      0  10501   2565  23164      5      0 
    0    215     55      -     49     56      0      0      0      0  10501   2475  23106      5      0 
    1    216     59      -     51     58      0      0      0      0  10501   2520  23164      5      0 
    0    219     55      -     51     58      0      0      0      0  10501   2415  23106      5      0 
    1    210     57      -     48     55      0      0      0      0  10501   2610  23164      5      0 
    0    216     55      -     49     56      0      0      0      0  10501   2280  23106      5      0 
    1    212     58      -     51     58      0      0      0      0  10501   2565  23164      5      0 
    0    219     56      -     51     59      0      0      0      0  10501   1800  23106      5      0 
    1    211     57      -     48     56      0      0      0      0  10501   1890  23164      5      0 
    0    214     54      -     49     56      0      0      0      0  10501   2685  23106      5      0 
    1    215     59      -     51     58      0      0      0      0  10501   2580  23164      5      0 
    0    220     57      -     51     59      0      0      0      0  10501   2310  23106      5      0 
    1    211     56      -     48     56      0      0      0      0  10501   1890  23164      5      0 
    0    214     54      -     49     56      0      0      0      0  10501   2475  22732      5      0 
    1    211     58      -     51     58      0      0      0      0  10501   2700  22704      5      0 
    0    119     51      -    100      8      0      0      0      0  10501   2730      1      2      0 
    1    164     55      -     41      3      0      0      0      0  10501   2730      1      2      0 
    0    100     51      -      0      0      0      0      0      0  10501   2730      1      2      0 
    1     91     54      -      0      0      0      0      0      0  10501   2730      1      2      0 
    0     91     50      -      0      0      0      0      0      0   5001    555      1      2      0 
    1     84     53      -      0      0      0      0      0      0   5001    555      1      2      0 
    0     72     49      -      0      0      0      0      0      0   5001    375      1      2      0 
    1     65     52      -      0      0      0      0      0      0   5001    375      1      2      0 
    0     54     49      -      0      0      0      0      0      0   5001    240      1      2      0 
    1     46     52      -      0      0      0      0      0      0   5001    240      1      2      0 
